0	7.88766	15.9688	3.95103	16
1	15.3646	11.0794	12.5774	19
2	10.268	18.3239	14.3459	4
3	12.1394	4.85774	16.0835	13
4	8.01889	2.17618	4.36514	2
5	16.7822	5.92063	10.4857	7
6	19.4555	15.4272	15.3983	20
7	17.8306	7.04917	18.3805	24
8	18.9865	1.72112	13.2645	7
9	6.97786	0.400461	1.26192	27
10	19.4127	17.0184	10.7952	17
11	15.205	13.3545	0.785607	9
12	18.6367	14.419	14.7707	20
13	7.08097	3.31948	17.6015	21
14	6.60674	17.8674	13.7334	14
15	11.7728	17.1735	18.4794	4
16	16.2953	18.2194	4.3165	1
17	18.4026	17.6212	8.63907	17
18	5.62119	6.14916	4.52213	27
19	5.52469	8.33003	18.1361	22
20	2.52151	15.2095	18.7001	11
21	7.66377	7.37327	4.64523	0
22	4.88825	14.643	15.8694	11
23	14.9014	19.0021	10.4313	17
24	4.80125	14.6531	19.3481	11
25	15.1947	2.69805	1.56464	5
26	4.0931	16.3935	15.1116	11
27	3.15614	4.08657	2.50937	27
28	1.08115	1.44658	18.4614	12
29	3.60745	7.8338	16.3939	12
30	11.0497	9.05152	1.9928	0
31	15.1459	19.8446	17.5523	20
32	12.5782	14.9561	18.5075	4
33	16.6208	14.8762	19.6719	20
34	9.94517	16.6002	1.53989	18
35	4.96088	4.58274	6.33734	27
36	4.62856	12.6614	13.0226	8
37	19.4293	10.9221	2.26561	9
38	11.8508	9.01835	16.9537	22
39	0.0646292	11.9696	4.67783	15
40	9.65901	6.09911	3.65112	2
41	0.817286	13.9197	12.7528	6
42	3.69245	12.5432	6.56749	16
43	4.04426	13.6951	5.14531	16
44	1.75287	17.5477	1.8748	23
45	7.23202	11.8642	5.77556	16
46	5.76759	3.79502	0.0715715	27
47	6.62958	8.72994	18.3786	22
48	13.9815	13.7157	15.4855	19
49	18.3255	4.07096	10.9608	7
50	18.0986	17.4796	11.524	17
51	5.47822	9.84798	16.9788	22
52	5.82107	13.6836	2.78116	16
53	9.84843	14.485	4.43931	18
54	2.42518	7.20885	18.6379	12
55	12.4419	16.3626	6.69943	17
56	13.1766	5.17812	1.4509	5
57	12.9441	5.76539	1.82297	5
58	18.6899	5.30923	15.2356	7
59	3.14544	12.5133	4.15687	15
60	8.52399	7.88777	6.52027	0
61	12.7731	6.76486	2.72149	5
62	0.108171	15.4877	2.29336	23
63	14.4201	8.9821	14.1582	19
64	9.47788	1.87839	7.65792	2
65	13.1424	2.63404	1.06845	5
66	15.6174	8.8512	11.7927	19
67	10.598	7.23834	17.7745	22
68	3.39641	10.5149	11.9239	8
69	16.5962	1.97675	3.39299	5
70	4.50982	5.81657	17.5656	12
71	16.2982	0.726548	15.5651	13
72	16.7221	4.42019	12.2488	7
73	13.4921	14.3892	8.02375	17
74	8.68017	7.71496	3.09448	0
75	0.291587	7.64334	14.7482	12
76	12.9932	18.3918	16.1957	4
77	6.23901	0.120095	16.8782	21
78	12.8539	8.01418	14.3773	25
79	13.5562	0.657853	13.7144	13
80	12.3792	11.3566	0.114183	9
81	5.23141	17.1511	6.82709	16
82	17.5802	6.26459	3.7253	5
83	10.0692	13.5131	3.82223	29
84	14.1213	10.9479	18.6497	24
85	18.5315	18.6684	11.0514	17
86	15.9929	11.8899	19.906	24
87	6.49083	11.7831	15.1865	22
88	15.8982	12.0876	3.33909	9
89	17.3017	13.2883	12.2396	19
90	12.912	2.96684	0.659268	5
91	10.363	10.301	9.7962	25
92	0.969994	7.69317	9.04245	8
93	8.26156	8.13533	14.3519	22
94	16.2589	8.93485	19.9033	24
95	1.48521	11.9456	4.39576	15
96	18.4703	9.25704	17.0117	24
97	18.9782	15.3403	10.7348	17
98	9.55102	9.32337	19.3455	22
99	9.16078	15.329	5.15171	16
100	19.2701	8.04757	11.089	7
101	3.82055	7.2021	18.3305	12
102	12.1308	2.19555	3.98005	2
103	11.8538	11.9268	11.2174	19
104	4.85252	6.87683	18.4738	12
105	15.4137	18.6655	8.95963	17
106	15.9046	19.3136	5.85778	1
107	7.32056	14.9528	5.45974	16
108	2.44652	12.4639	18.4908	11
109	5.64568	4.05954	3.52478	27
110	4.55104	0.277325	2.39979	27
111	12.9709	2.01714	1.41114	5
112	9.92862	5.86355	18.2478	21
113	3.81418	8.63687	15.0677	8
114	19.9594	10.471	13.2358	19
115	6.55232	12.9342	1.00336	0
116	16.0666	13.6384	6.25879	26
117	5.95866	3.78127	1.06879	27
118	3.1455	2.72341	1.16105	27
119	18.91	18.5044	5.13938	1
120	3.37674	9.52709	18.5214	12
121	11.645	4.50471	12.6717	25
122	0.333012	6.95092	10.4526	10
123	6.14337	12.9027	5.38045	16
124	6.65784	15.1842	13.6715	28
125	16.9025	12.0153	13.3592	19
126	16.96	5.12456	10.2876	7
127	12.2282	16.4266	14.7349	4
128	7.19884	0.477264	9.74508	10
129	14.1652	10.1482	1.56516	9
130	9.67297	0.867894	4.89717	2
131	12.2248	19.2313	3.32188	18
132	15.1456	0.139602	14.7292	13
133	18.4514	15.7528	2.02961	1
134	4.78642	1.90086	5.54427	27
135	18.7543	1.93363	16.9055	13
136	13.8493	8.68796	6.47966	26
137	2.59952	7.55994	13.1976	8
138	17.6137	4.21726	10.5777	7
139	18.8644	2.44173	10.2987	7
140	4.23131	3.20324	8.67517	10
141	12.9957	9.23898	15.605	24
142	13.6935	17.3439	0.943652	18
143	3.54266	2.19049	11.9238	10
144	14.0068	8.1323	11.5536	25
145	4.43451	7.48402	1.94981	0
146	7.74645	18.6836	16.6292	14
147	12.7041	12.4932	11.5763	19
148	0.589524	11.9941	2.87883	15
149	15.5482	14.7062	13.3341	19
150	2.11153	2.04467	5.40641	27
151	5.75473	18.94	10.1383	6
152	18.727	5.89203	12.8904	7
153	4.65696	12.5872	16.2599	11
154	0.569051	12.3516	15.4886	11
155	1.53507	3.45444	7.19572	10
156	7.57421	2.01371	17.3888	21
157	2.08348	14.9944	7.33593	6
158	5.44379	1.3647	8.64398	10
159	13.497	9.43278	4.48831	29
160	11.5344	2.5216	9.60311	2
161	3.84972	2.66776	3.69155	27
162	18.0154	16.1723	13.7505	20
163	0.894589	15.5012	17.2253	11
164	19.8839	13.3582	16.5709	20
165	14.2381	3.86985	3.09421	5
166	6.47703	10.6503	12.8074	8
167	9.20135	0.116864	3.83261	2
168	8.88195	13.0617	6.98648	16
169	8.52823	1.00933	16.1871	21
170	19.7329	5.6856	7.18493	3
171	17.0757	15.7237	2.80676	1
172	2.0678	19.3539	17.3818	11
173	16.0521	7.91368	10.6468	7
174	19.4008	1.77057	1.06147	5
175	17.9904	8.38288	4.39707	26
176	12.4558	9.22978	9.19873	25
177	16.7107	4.04465	13.4512	7
178	19.251	7.69018	18.6171	24
179	2.06487	17.5121	18.4281	11
180	1.7931	19.3679	0.0945303	23
181	5.74379	5.23772	0.729918	27
182	7.01011	5.70298	13.5051	21
183	12.4812	8.65746	19.9208	24
184	18.5084	5.29248	5.82114	3
185	14.594	0.139084	17.7902	13
186	17.7269	12.784	18.5076	24
187	17.4011	10.9545	16.5724	24
188	2.25822	17.2157	9.225	6
189	18.1902	19.1222	3.75386	1
190	7.20329	12.5576	12.3098	28
191	7.57598	13.8818	13.0013	28
192	13.8738	17.9071	13.5064	4
193	9.28786	3.53313	6.68032	2
194	3.64006	0.49151	8.35327	10
195	7.70563	2.59327	2.89892	2
196	10.611	4.9398	10.8349	25
197	16.8823	8.34347	9.537	26
198	9.26884	17.6145	5.3284	18
199	5.56009	9.16537	11.7307	8
200	10.297	13.0752	19.6996	22
201	7.79333	6.44902	14.8035	21
202	10.6742	1.99259	6.4751	2
203	0.86758	10.3544	8.54591	8
204	2.7769	4.6513	0.157602	27
205	9.46091	15.8184	3.34482	18
206	18.5102	5.82863	3.87128	5
207	2.24313	12.3179	13.5632	8
208	15.7653	14.5369	12.9129	19
209	1.80259	17.1888	7.63205	6
210	2.83593	7.80101	19.6291	12
211	14.1723	2.28398	3.09853	5
212	0.633065	0.700779	9.57738	10
213	11.7439	8.6948	11.4624	25
214	9.36369	17.2975	19.7189	14
215	3.89895	2.02247	1.20918	27
216	2.84579	19.7908	15.3824	11
217	11.285	8.23102	8.96645	25
218	6.24981	3.15109	6.99125	2
219	16.5523	7.87856	2.90746	9
220	18.7793	10.1523	18.5064	24
221	2.45328	6.74301	6.48193	15
222	5.13347	18.1409	9.75278	6
223	11.1729	7.81776	10.9472	25
224	8.93752	11.164	1.34925	0
225	4.41357	0.877826	0.930253	27
226	5.92743	0.736352	5.62764	27
227	14.7959	4.98524	4.1256	5
228	0.0441844	10.7406	9.62248	8
229	2.67096	9.18729	15.3761	8
230	7.90632	10.6651	14.3556	22
231	8.16834	14.9788	12.9534	28
232	16.123	11.3676	0.686136	9
233	15.8462	10.7917	8.59227	26
234	8.27464	18.9742	5.09813	18
235	7.99847	14.1399	1.78859	18
236	10.2588	8.77848	18.8616	22
237	5.84415	9.48125	16.0928	22
238	12.7049	10.8977	18.5259	24
239	3.91076	10.7532	4.26244	15
240	17.2352	8.85577	10.9244	26
241	19.8706	0.601302	6.42093	3
242	10.381	14.4475	9.47682	28
243	10.0296	2.47939	5.67834	2
244	0.417278	7.80578	12.474	8
245	7.0218	4.32914	1.08428	27
246	6.52194	16.4368	9.60387	28
247	6.58617	15.1229	19.847	14
248	11.574	6.78142	10.8039	25
249	15.0587	2.04886	2.39168	5
250	14.9327	4.23209	5.29105	3
251	14.5154	6.2712	18.9362	24
252	13.81	15.8599	6.5561	17
253	13.5326	5.58355	12.1836	25
254	12.7737	7.60869	10.1068	25
255	9.34548	19.4139	4.30132	18
256	18.8939	16.5179	9.769	17
257	1.04021	0.976516	12.5119	10
258	12.607	5.66277	6.35848	2
259	14.5781	5.08865	13.9548	7
260	12.1871	0.234906	16.8779	13
261	16.3059	3.35297	0.936946	5
262	8.27788	16.701	18.8773	14
263	16.787	15.2574	9.67485	17
264	0.296138	0.748127	6.43964	10
265	0.580213	18.0033	10.2277	6
266	5.35135	10.6529	19.3574	22
267	1.82628	13.567	16.8896	11
268	7.74022	3.92856	16.1264	21
269	4.61355	17.8563	1.80736	23
270	0.0646209	2.92271	3.20269	27
271	12.949	19.684	17.2584	4
272	15.1918	6.67664	17.6119	24
273	1.20311	17.2429	8.34979	6
274	18.7351	9.79195	18.325	24
275	0.887322	13.9869	16.4575	11
276	16.9605	5.74362	13.0084	7
277	15.6859	2.08662	16.9591	13
278	5.92881	5.05069	3.29384	27
279	16.5411	6.36382	18.6203	24
280	17.9324	3.07846	3.31764	5
281	9.10883	8.94245	16.9226	22
282	17.8544	10.1511	14.971	19
283	19.6396	5.27233	4.07156	5
284	18.0908	10.5951	6.94573	26
285	9.14341	8.72297	16.7974	22
286	11.7578	12.3187	0.758639	29
287	2.65115	1.84979	18.5541	12
288	19.9124	17.7206	2.884	1
289	13.7509	2.40485	5.42936	3
290	13.5614	14.2287	6.79464	29
291	14.3249	16.9322	19.2527	20
292	15.8849	16.3039	14.7061	20
293	14.5555	13.0518	19.8033	24
294	14.0683	16.9105	17.9002	4
295	5.82376	16.9127	13.7459	14
296	11.0785	2.25976	14.7145	21
297	5.70159	3.41639	8.33412	10
298	16.8636	12.7411	15.1658	19
299	5.85111	6.09857	5.70729	27
300	5.10153	15.4603	11.5835	6
301	5.72149	17.277	10.6727	6
302	9.49374	2.59085	18.3798	21
303	11.0327	13.8146	5.15877	29
304	16.3181	18.2145	13.7715	20
305	6.41544	15.4529	0.887237	23
306	11.0819	9.69839	14.59	22
307	0.350396	16.7454	16.9938	11
308	13.8662	10.3687	11.8002	19
309	16.6612	6.53736	10.535	7
310	18.7976	19.1819	18.8262	20
311	1.28683	6.67789	18.2671	12
312	11.3563	5.35157	1.55874	2
313	3.22706	10.3719	3.10578	15
314	9.12325	10.2905	14.6428	22
315	15.9695	17.776	7.69078	17
316	15.2206	6.51036	19.9628	24
317	3.16632	3.39496	19.4209	12
318	10.8633	0.378658	16.2438	21
319	3.40736	3.25145	1.02763	27
320	14.5234	11.3346	12.1485	19
321	8.90157	8.00296	9.26756	25
322	0.189403	19.285	0.951764	23
323	8.53807	1.35392	13.0503	21
324	12.4012	2.96471	10.1555	25
325	13.5468	0.989464	16.9782	13
326	3.90673	0.507099	1.29175	27
327	19.8755	2.20854	5.06552	3
328	17.8664	14.9754	2.52032	1
329	16.818	4.48327	10.5741	7
330	3.77503	19.3176	9.00233	6
331	17.9025	2.1757	4.81875	3
332	8.18425	4.94861	3.85467	2
333	13.5531	3.61772	0.941316	5
334	16.5541	1.05954	17.542	13
335	15.6761	15.7546	6.08151	17
336	11.2897	17.666	2.39359	18
337	16.9328	7.17895	0.970635	5
338	11.8956	12.7547	3.0522	29
339	1.65135	11.4553	0.643678	15
340	14.3445	10.3142	11.3136	19
341	14.856	0.379758	16.0687	13
342	15.0067	13.3512	14.883	19
343	13.2193	8.84556	2.29188	9
344	19.6699	11.5041	6.65412	26
345	0.122439	8.46756	11.0978	8
346	6.83245	2.38448	18.4758	21
347	9.98555	11.4547	15.6683	22
348	17.6586	13.1163	14.8616	19
349	18.4019	19.3514	5.65669	1
350	2.05366	7.00415	16.2158	12
351	10.3024	4.05575	10.2605	25
352	11.14	16.0142	3.58277	18
353	8.93243	0.570008	7.74545	2
354	17.4568	9.96305	16.0533	24
355	2.81368	1.39888	8.62815	10
356	7.91976	0.662963	11.6174	21
357	14.5071	11.1695	5.35223	29
358	2.20366	15.9936	16.3333	11
359	18.2052	9.88634	10.5984	26
360	3.78803	4.04653	3.22987	27
361	2.8016	11.6052	3.12513	15
362	14.388	5.98013	8.15346	3
363	0.309688	5.61702	13.1308	10
364	0.042261	15.7405	19.5043	11
365	15.8682	19.7509	8.47923	17
366	12.5894	14.1304	14.7454	4
367	7.41729	14.8878	14.6909	14
368	4.72979	13.3984	11.3038	8
369	12.2972	17.8652	1.27465	18
370	14.3766	0.661813	17.0576	13
371	17.1084	0.42188	13.8416	13
372	8.49439	4.30067	14.6564	21
373	6.42343	13.9921	9.73297	28
374	6.35095	16.6419	10.0679	28
375	1.58561	15.0594	18.5721	11
376	11.3885	1.76401	6.91925	2
377	6.97763	16.8646	18.7958	14
378	10.2698	10.9071	5.04105	29
379	9.55773	2.67023	15.6081	21
380	4.11618	17.1826	19.4412	11
381	11.2926	11.4351	2.64	29
382	8.66228	13.768	0.895919	18
383	17.0478	17.7831	15.4276	20
384	8.59503	14.2161	11.185	28
385	4.00336	7.01802	14.4768	12
386	16.9406	17.2888	18.826	20
387	6.73005	9.54645	13.0151	8
388	13.0619	1.60811	18.0179	13
389	13.6691	2.02107	17.8782	13
390	17.7095	8.50721	3.0675	9
391	11.1867	8.75334	8.38381	25
392	8.40436	15.0676	15.6119	14
393	8.39319	18.1457	19.5187	14
394	7.03703	2.77651	1.07295	27
395	2.26415	2.53625	3.50992	27
396	13.7553	5.61186	3.17215	5
397	10.088	9.10953	9.52733	25
398	13.2383	13.3952	7.92182	29
399	7.54754	6.1016	4.01694	0
400	10.9788	5.95697	17.0524	21
401	19.1188	4.16351	13.3164	7
402	18.7263	18.9122	8.55999	17
403	12.5573	6.36001	13.1822	25
404	18.8663	9.24067	11.0538	26
405	12.1424	19.5387	15.5476	4
406	7.56631	7.39891	19.397	22
407	19.0655	4.11977	5.95911	3
408	6.41713	14.478	4.46881	16
409	7.05897	8.39005	8.30301	25
410	9.55724	1.47648	18.5449	21
411	5.68708	11.6904	17.841	22
412	13.8013	9.21071	14.8841	24
413	10.6009	13.6862	14.0784	28
414	12.7392	1.49011	17.437	13
415	0.573096	10.2386	16.0902	8
416	19.0737	14.8946	14.8633	20
417	1.85152	9.64215	6.5857	15
418	6.23205	5.82755	2.26547	27
419	18.0732	1.04335	16.1339	13
420	9.35646	5.47462	18.7565	21
421	8.37849	3.34209	8.59427	2
422	16.0088	6.86994	1.50802	5
423	10.1772	10.6422	7.65831	29
424	15.9107	7.91234	5.29489	26
425	15.4345	0.753155	14.2464	13
426	2.4739	17.3399	5.89802	23
427	4.02134	16.3799	7.55776	6
428	4.34692	5.62802	13.7398	12
429	7.89683	19.0179	6.6046	18
430	19.8554	18.9641	2.94814	1
431	0.118207	15.8354	11.238	6
432	3.3922	3.64024	6.15064	27
433	17.6601	8.93298	5.48671	26
434	16.5744	12.3233	9.19271	26
435	19.9051	0.96692	9.6566	3
436	12.0797	9.33711	7.23287	29
437	9.64852	15.8345	10.3972	28
438	4.48676	12.4827	11.3454	8
439	16.0925	11.353	3.51209	9
440	7.3436	9.59375	2.28631	0
441	12.2256	9.02516	2.28109	9
442	2.13783	6.88311	5.21837	15
443	19.9575	5.3376	3.12488	5
444	10.4096	4.60278	7.63311	2
445	2.30828	11.532	3.28724	15
446	11.1524	8.18434	17.0755	22
447	16.4356	2.39503	17.1857	13
448	0.599003	17.3185	9.5834	6
449	2.61959	19.6608	1.75564	23
450	15.3372	2.27061	15.9659	13
451	0.687606	1.07067	7.29587	10
452	19.3374	17.3595	7.05013	17
453	9.3458	11.6884	13.5857	22
454	7.10774	1.26486	3.4277	2
455	14.0624	7.08441	5.63422	26
456	1.89087	10.1687	15.1938	8
457	1.10773	1.196	16.2635	12
458	13.0125	15.8953	12.2737	4
459	5.97277	5.68632	6.14993	27
460	10.2581	7.87897	16.5454	22
461	0.392891	19.835	1.39777	23
462	8.02613	9.55992	0.972779	0
463	17.4682	11.4328	18.6862	24
464	2.8445	3.08787	11.8966	10
465	17.6448	9.45014	19.4973	24
466	19.037	4.43174	10.4518	7
467	13.9008	8.33501	7.70002	26
468	9.28416	3.29308	18.5318	21
469	4.42341	6.63834	9.90709	10
470	16.7491	0.689747	13.0757	7
471	12.1947	0.0772397	10.9848	21
472	2.45596	9.0069	8.34626	8
473	0.0987587	1.87518	18.3474	12
474	5.37117	1.78322	10.2821	10
475	10.5445	19.2422	13.2304	4
476	11.4213	4.43073	2.05154	2
477	2.02753	0.30102	15.2985	12
478	7.74134	6.2777	18.7891	22
479	10.0235	7.39585	16.1698	22
480	3.497	4.70906	17.9485	12
481	15.0572	3.36451	0.868292	5
482	14.9034	9.92356	13.9303	19
483	3.85173	0.619269	11.2881	10
484	14.7545	3.56859	13.1183	7
485	19.8283	6.4526	19.3545	24
486	2.47675	13.7708	13.8997	11
487	11.2573	17.535	4.00758	18
488	6.4029	13.1368	17.9887	14
489	6.43052	5.73651	14.8936	21
490	9.73746	15.4701	19.2592	14
491	0.591141	9.23632	7.57717	15
492	9.00113	11.9392	0.0153539	0
493	18.0013	3.80605	13.4404	7
494	15.563	14.538	9.87006	17
495	0.154321	4.1534	15.7976	12
496	10.449	5.14847	10.7507	25
497	2.82131	11.5601	6.28793	15
498	10.7072	17.9937	15.4273	4
499	16.308	11.3051	12.2899	19
500	0.277622	0.782701	8.06861	10
501	7.84358	12.969	18.2028	22
502	5.71769	3.47158	15.7846	21
503	8.8533	14.0487	1.00509	18
504	18.2812	0.466463	8.15918	3
505	10.7615	5.2006	12.8678	25
506	8.12447	11.7868	13.7035	22
507	4.81323	11.0138	16.699	22
508	18.0443	13.2902	12.3993	19
509	1.56917	11.6084	0.266812	15
510	14.792	8.20444	2.57248	9
511	13.2618	1.78368	11.7904	7
512	15.0382	14.9083	4.88849	1
513	12.8504	17.1596	15.0259	4
514	0.435967	0.239364	18.6307	12
515	11.812	11.5345	13.4153	19
516	1.08875	4.8039	11.7257	10
517	18.3596	13.198	12.816	19
518	4.87515	1.01933	11.8071	10
519	11.5936	12.6403	4.28746	29
520	12.3391	4.69372	16.116	13
521	17.9805	4.78618	0.0771657	5
522	19.3788	3.27592	11.7046	7
523	10.6633	1.75834	18.6145	21
524	7.72788	5.80846	2.04097	0
525	11.6392	6.19542	18.2537	22
526	14.4419	19.5161	19.0186	20
527	15.7401	18.0301	10.9742	17
528	15.1079	6.31442	13.3201	7
529	10.4317	15.1369	1.41617	18
530	6.33603	11.558	9.38827	8
531	14.8429	6.04579	3.05834	5
532	13.9523	3.46177	17.8144	13
533	1.71704	16.0734	9.78848	6
534	12.9604	10.4415	16.4603	24
535	5.27518	4.91303	15.3277	12
536	6.64476	18.1315	4.52961	23
537	17.755	19.9882	10.4643	17
538	15.6527	10.7249	0.212832	9
539	1.11958	0.733475	1.27047	27
540	3.41875	19.99	3.37879	23
541	2.63307	5.48834	2.71411	27
542	1.95442	8.4999	1.68579	15
543	19.7453	11.1456	9.06451	26
544	10.9835	4.53161	1.74518	2
545	8.91066	12.3477	13.4957	22
546	4.21841	5.75008	16.8933	12
547	19.7247	8.93325	0.790421	9
548	7.18882	7.95748	11.0058	25
549	9.69283	7.20609	13.7062	25
550	0.0265145	14.1152	11.5175	6
551	8.10077	3.73965	5.44266	2
552	2.31503	19.4807	13.392	6
553	1.86732	0.806854	18.9152	12
554	6.8468	13.8019	2.83246	16
555	3.00416	10.1249	15.2332	8
556	4.73025	17.3784	17.1848	14
557	9.10289	7.98839	10.7481	25
558	8.85481	1.96115	2.44026	2
559	1.47432	9.48438	3.33996	15
560	2.78433	15.1758	3.46348	23
561	14.5517	13.743	16.6636	19
562	14.7511	10.4277	14.3502	19
563	4.11986	13.7913	12.8666	8
564	6.95735	5.51865	9.61718	25
565	8.75856	15.2027	5.31078	16
566	14.3434	6.85995	11.7926	7
567	19.0143	9.29011	9.28318	26
568	10.6178	6.84524	19.484	22
569	0.640763	14.0528	2.88312	23
570	15.018	16.0715	15.5761	20
571	8.88699	1.24477	18.0059	21
572	19.2705	19.581	6.46213	17
573	12.2009	2.26725	1.48916	2
574	18.758	8.19269	8.28934	26
575	16.4808	2.7175	13.5281	7
576	13.9346	8.21301	18.1621	24
577	8.21672	3.23904	5.99325	2
578	16.662	6.78115	17.2403	24
579	0.680525	10.4002	8.80917	8
580	19.949	1.99694	17.8423	13
581	0.960081	17.9402	6.95629	6
582	15.392	13.5349	2.97077	9
583	8.33219	17.7223	18.562	14
584	3.38365	10.961	8.11572	8
585	12.4734	5.06012	10.7313	25
586	9.99547	14.6794	0.864449	18
587	4.03797	16.8087	14.8874	11
588	17.101	19.4122	18.333	20
589	9.78597	17.2167	15.5005	4
590	0.517061	13.3971	2.44434	15
591	8.47963	15.8198	0.375487	18
592	4.79464	12.9407	1.98633	16
593	1.38276	11.0477	13.9107	8
594	18.7691	11.0973	4.44359	26
595	1.3182	14.5718	10.5378	6
596	18.8438	9.45593	2.17645	9
597	11.3478	14.2449	8.57441	28
598	12.1165	15.3186	10.7521	28
599	12.545	12.9259	5.50704	29
600	10.2402	2.33016	1.54058	2
601	1.82805	11.8855	15.0479	8
602	1.1154	1.03302	10.6841	10
603	11.5915	19.5646	5.96495	18
604	16.1393	19.8379	2.15226	1
605	6.43468	12.1702	17.2043	22
606	1.63283	14.0951	10.3164	6
607	7.58022	15.5387	6.79204	16
608	18.2207	9.02349	5.29353	26
609	8.10195	13.4984	10.498	28
610	13.2849	8.04307	5.69748	29
611	19.1659	4.27982	0.848613	5
612	2.40402	6.02797	17.0421	12
613	4.16555	11.2035	13.048	8
614	8.17749	17.9299	9.08983	28
615	17.3265	5.36046	7.82976	3
616	10.617	18.3883	0.256609	18
617	9.49303	7.6657	0.603349	0
618	8.34102	19.9705	17.9579	14
619	16.0416	14.1684	7.81132	17
620	2.39928	5.63294	10.5075	10
621	18.8177	0.45832	16.0213	13
622	16.4428	3.37555	1.03532	5
623	8.81626	8.7478	8.92089	25
624	1.80524	12.8412	18.934	11
625	19.2319	5.79035	9.09297	7
626	18.3276	17.4223	5.11657	1
627	19.5008	18.9579	5.66784	1
628	6.85526	9.36955	3.27086	0
629	2.30881	3.25294	1.04977	27
630	15.8025	3.52013	5.14653	3
631	17.8906	0.523744	2.25995	5
632	8.75647	7.19967	4.63711	0
633	7.70755	7.35162	7.09542	0
634	15.3675	15.6986	4.55422	1
635	0.807366	17.03	1.94955	23
636	16.9406	5.65065	15.1531	7
637	3.10465	9.67135	11.6239	8
638	3.17184	5.80083	16.4086	12
639	1.14593	2.30048	10.3966	10
640	13.5929	7.21141	15.5314	24
641	12.7995	9.00115	9.93636	25
642	6.3607	8.06381	3.34534	0
643	10.3405	19.0192	17.0406	4
644	9.03759	7.20384	15.0311	22
645	18.1928	8.80434	19.2468	24
646	14.5651	16.8078	10.4964	17
647	7.72052	19.7852	12.8891	14
648	15.4721	9.64768	19.371	24
649	9.91899	4.87489	19.7466	21
650	14.7232	8.52992	3.34357	9
651	7.86335	19.823	1.47498	18
652	11.4153	7.1765	4.97984	2
653	14.331	3.29529	14.9431	13
654	10.667	11.0749	1.98495	29
655	15.4478	8.7609	0.235762	9
656	11.7545	10.0132	12.7703	25
657	1.89696	0.683657	15.386	12
658	9.1391	6.11539	13.6956	25
659	15.1007	5.92065	19.9045	24
660	16.997	4.61379	19.3301	13
661	17.8624	12.9487	2.66209	9
662	19.3637	9.90448	13.6325	19
663	5.71085	15.0075	15.206	14
664	12.8848	13.0657	16.4822	19
665	6.71103	8.32251	19.2371	22
666	16.1744	18.7371	4.975	1
667	14.8419	5.95825	4.38606	5
668	10.0369	2.36235	1.92315	2
669	13.7475	7.875	13.6133	25
670	19.7835	17.8363	11.6492	17
671	15.7586	14.1729	16.9466	20
672	15.8949	3.48659	16.535	13
673	1.44389	17.9696	11.6163	6
674	1.37458	14.7006	12.1771	6
675	13.6067	8.63835	0.0666445	9
676	8.51651	8.11111	10.3209	25
677	1.83729	16.8462	8.06894	6
678	13.1965	19.9531	13.3191	4
679	11.0588	16.9333	3.94322	18
680	14.0734	1.07102	8.99304	3
681	2.99927	16.9629	0.198959	23
682	16.1681	13.4996	7.36013	26
683	6.39552	11.0814	11.7227	8
684	17.918	19.0941	8.54092	17
685	3.96166	0.587255	5.32602	27
686	6.17035	7.08986	19.4357	12
687	10.417	9.32507	8.61806	25
688	5.48517	17.2418	1.36221	23
689	0.966972	11.7461	14.1315	8
690	3.09835	2.9013	3.12585	27
691	13.2659	16.5526	12.4294	4
692	7.64458	11.592	6.7631	16
693	13.6548	15.2237	8.8148	17
694	19.8613	15.8661	9.84283	17
695	11.8944	8.09078	16.6268	22
696	3.02299	0.51283	10.2484	10
697	15.5639	15.7887	14.8627	20
698	7.36596	14.8001	19.4142	14
699	19.1755	13.3967	10.8828	19
700	5.03922	16.1807	17.5729	14
701	4.34663	2.70013	0.171461	27
702	17.8017	10.8416	2.8912	9
703	16.1423	14.2218	12.8468	19
704	14.5573	12.9114	7.06389	29
705	11.1934	6.57146	5.23311	2
706	0.181552	4.74021	14.4392	12
707	15.8303	0.646993	5.83137	3
708	12.3761	13.7954	12.916	19
709	0.233852	18.6644	15.4272	11
710	16.9395	17.8314	13.9948	20
711	7.65534	12.6443	17.058	22
712	17.3072	19.3244	19.5601	20
713	1.49241	7.12943	18.5341	12
714	1.92991	7.51875	11.9133	8
715	6.32266	9.56664	12.3638	8
716	7.21863	17.7377	12.4147	28
717	6.9464	7.68397	7.67611	25
718	11.4266	19.1803	4.45627	18
719	18.6014	16.4824	6.98052	17
720	9.06617	17.2485	17.4573	14
721	2.19421	9.63144	4.53881	15
722	14.7276	11.768	17.756	24
723	9.6557	8.61263	7.73856	25
724	6.5505	19.4551	12.4602	28
725	11.4287	19.7388	0.159179	18
726	18.2895	1.87193	2.2853	5
727	9.96702	17.8959	19.4245	14
728	1.17915	4.83452	17.9163	12
729	2.86069	18.9131	7.49971	6
730	8.75138	12.8997	7.60552	16
731	5.68618	15.4122	13.8159	14
732	13.9688	14.7105	5.51794	29
733	7.51674	3.21525	16.4889	21
734	4.92434	5.59828	1.66534	27
735	15.2107	12.0263	18.9069	24
736	1.16922	5.52685	12.1511	10
737	14.279	3.12564	17.9848	13
738	3.12446	15.3407	17.8528	11
739	7.47122	11.1791	6.61455	16
740	6.16749	3.26115	9.93565	10
741	17.8257	6.76104	7.68632	26
742	2.69529	5.03218	10.9547	10
743	14.4645	8.51849	0.418909	9
744	1.63469	9.1484	0.959631	15
745	5.65822	17.5882	5.32096	23
746	11.0874	18.6287	6.49922	18
747	16.7606	8.28035	15.0154	24
748	4.80976	13.3143	19.2851	11
749	19.6995	1.62334	13.7336	7
750	4.61088	9.71009	8.31116	8
751	9.72297	18.1777	17.2469	14
752	14.6668	13.8714	15.8003	19
753	2.18221	18.3668	13.9384	6
754	9.22973	18.5717	2.4858	18
755	13.436	11.6971	9.29578	29
756	18.1772	19.4067	7.37045	17
757	1.03185	10.6612	4.98432	15
758	3.79018	7.07169	2.66305	27
759	19.8089	14.6479	2.74585	1
760	10.6859	4.2304	19.328	21
761	2.39116	12.5449	13.8601	8
762	18.4516	1.9526	9.79528	3
763	15.5744	14.1035	15.7425	19
764	3.65613	8.65928	13.932	8
765	15.4378	7.58703	7.00084	26
766	13.1944	4.42029	11.1899	25
767	5.65467	13.1724	18.7543	11
768	14.5442	16.5532	16.9748	20
769	5.41414	7.84701	18.935	12
770	5.47856	6.39692	14.0409	12
771	19.9807	2.78975	12.9745	7
772	2.68137	3.62111	6.23646	27
773	18.8215	16.7041	9.42829	17
774	7.67025	14.3098	8.91586	28
775	17.2963	7.6175	7.46002	26
776	17.091	8.89364	11.8416	19
777	13.8603	0.497372	10.3768	3
778	19.8569	7.51449	4.57288	26
779	10.2398	11.7852	7.76038	29
780	17.7944	15.0955	8.74986	17
781	7.07032	9.9962	5.72153	0
782	17.8321	16.3608	17.0633	20
783	5.06335	15.9359	13.4812	6
784	9.52061	12.7519	8.27066	28
785	2.00688	5.56891	11.477	10
786	19.6579	0.159602	14.5113	13
787	11.4919	5.46301	10.6729	25
788	14.5903	19.4466	8.31413	17
789	11.0349	16.6487	19.1406	4
790	4.29906	10.9845	18.2498	22
791	4.18676	1.00881	7.56179	10
792	10.2275	7.86355	6.90643	25
793	18.2169	14.2728	12.023	19
794	10.5911	0.42167	6.84474	2
795	12.1593	0.709655	1.01178	2
796	5.6052	16.8672	9.5449	6
797	2.13413	3.48265	15.4629	12
798	8.53418	11.8859	11.3432	28
799	5.39391	6.96677	9.1742	8
800	5.3778	4.95531	4.47718	27
801	5.04692	11.1656	16.6964	22
802	6.34304	0.482931	8.82821	10
803	0.214783	9.6256	0.169374	15
804	16.0095	2.90313	11.3789	7
805	16.7878	13.4108	2.84413	9
806	7.71017	7.97035	9.80514	25
807	19.5863	3.49728	5.97388	3
808	16.0151	9.68789	18.2893	24
809	6.60951	15.4205	17.2751	14
810	1.58998	3.55608	15.8059	12
811	12.8887	14.2913	2.39187	18
812	5.52585	0.244587	2.0475	27
813	1.34863	12.4071	3.70332	15
814	0.893782	4.99524	19.8255	12
815	3.11374	16.3331	16.4162	11
816	13.07	15.6551	10.1641	17
817	11.4577	0.0251564	4.71306	2
818	17.9208	0.135259	17.0982	13
819	1.02434	14.1514	14.3063	11
820	8.28986	15.3924	4.08989	16
821	16.762	1.11359	4.52123	3
822	10.464	6.96759	7.68123	25
823	12.5618	17.7423	15.9299	4
824	16.5356	12.8325	2.97379	9
825	4.66394	4.55891	15.8866	12
826	11.8649	5.80873	5.06561	2
827	4.25618	6.3089	6.01869	27
828	2.90442	19.5921	11.2775	6
829	15.4873	12.4762	18.5001	24
830	15.4587	6.71367	3.22039	5
831	8.66638	15.2489	8.06382	28
832	4.80507	15.8441	3.54377	23
833	5.1041	0.443217	7.09493	10
834	0.218228	19.5338	10.902	6
835	8.14447	1.19803	6.37829	2
836	17.4584	19.5037	9.51978	17
837	13.0218	19.8876	5.43881	18
838	10.7286	9.87951	15.2391	22
839	2.89256	19.5567	8.15182	6
840	0.460329	16.8194	11.1544	6
841	6.07678	18.2424	1.32021	23
842	13.1481	2.08701	3.20791	2
843	16.4669	18.0687	5.10839	1
844	3.32091	8.76524	10.4273	8
845	13.3363	13.2134	12.546	19
846	13.3534	12.9807	4.20331	29
847	19.358	8.64293	10.387	26
848	8.97083	5.78738	13.2004	25
849	0.347444	18.8967	19.3989	11
850	6.02975	0.211708	2.89091	27
851	3.6109	11.3805	7.8402	8
852	10.8925	12.9352	8.6432	29
853	11.3863	10.1762	4.6536	29
854	8.06942	19.8979	14.1137	14
855	16.2902	12.032	19.3866	24
856	9.25962	11.1673	19.5891	22
857	16.224	6.20565	10.017	7
858	12.4814	12.4629	18.5769	22
859	6.03414	2.11754	13.6124	21
860	5.22884	16.3747	6.40452	16
861	12.1837	18.7588	16.3043	4
862	2.35845	8.82941	1.68744	15
863	3.41296	0.249604	16.8264	12
864	12.9923	5.47275	8.79258	25
865	11.3412	8.98779	11.2822	25
866	3.47723	11.0564	6.81698	15
867	0.583893	19.889	17.7395	11
868	8.25968	15.7453	17.0284	14
869	7.33576	15.4322	5.13059	16
870	11.8937	18.2462	4.18765	18
871	16.2738	12.9944	9.90091	19
872	14.691	8.98682	19.8981	24
873	16.1564	7.87887	16.6671	24
874	4.4733	14.9279	16.8113	11
875	4.13026	16.5303	9.58652	6
876	11.9049	8.38279	13.1905	25
877	4.71067	8.76851	2.46148	0
878	0.423863	16.8244	10.5195	6
879	13.21	17.4943	14.8983	4
880	8.19639	3.01069	1.40502	2
881	5.44456	18.4575	18.2092	14
882	12.111	19.5296	16.6173	4
883	9.54617	0.608949	5.34394	2
884	19.862	6.12131	6.69177	3
885	11.662	0.0482075	19.6148	13
886	7.26993	14.7631	18.8867	14
887	17.3755	15.8921	11.8773	17
888	18.8962	9.55067	7.79407	26
889	10.6336	13.4485	5.01248	29
890	17.7745	15.0284	11.3472	17
891	19.276	19.7026	4.3446	1
892	7.01137	9.58715	18.6252	22
893	15.413	2.88798	17.0265	13
894	19.8582	18.3382	4.41504	1
895	13.447	0.0251443	0.0123263	5
896	3.11872	9.98952	13.3274	8
897	1.41074	16.0542	3.24224	23
898	12.4624	12.2009	3.61883	29
899	6.03239	16.8875	16.7838	14
900	7.72119	3.49216	18.7063	21
901	19.1187	2.79278	4.64637	3
902	3.44234	16.4589	17.055	11
903	14.176	18.3563	4.8677	1
904	15.6043	5.45224	15.2706	7
905	13.7944	12.4669	10.7382	19
906	0.791051	12.9982	18.9651	11
907	19.704	3.70165	1.90399	5
908	15.864	10.274	2.45693	9
909	16.1955	6.0418	10.5531	7
910	3.88383	4.30426	1.63403	27
911	7.52387	4.89927	6.00892	2
912	18.1666	6.27176	1.8758	5
913	2.62488	4.25577	11.9602	10
914	8.04059	4.77392	9.80353	25
915	15.3948	19.6745	10.0381	17
916	14.7415	3.73357	18.084	13
917	3.50512	15.4554	18.1188	11
918	17.9526	15.071	13.6426	19
919	8.92108	15.187	15.7655	14
920	9.02199	18.6779	10.8594	28
921	10.0049	6.27793	5.24171	2
922	3.48099	0.612508	18.5237	12
923	16.2676	19.475	18.6847	20
924	18.3699	14.8008	1.30079	1
925	18.5474	1.72669	19.0192	13
926	5.94133	18.1871	2.76266	23
927	16.5812	12.1756	5.18004	26
928	15.925	7.17563	12.7863	7
929	8.51766	13.4661	4.71304	16
930	13.8848	5.08969	0.485833	5
931	8.1976	13.1331	18.6464	22
932	9.81347	2.13937	12.4213	21
933	12.6884	8.76704	3.74637	29
934	5.72438	12.7094	15.5825	22
935	13.9574	0.682976	5.07869	3
936	3.156	7.59597	19.661	12
937	12.1848	1.47	11.4635	21
938	1.64356	2.23763	4.01597	27
939	11.9639	18.248	8.93085	17
940	2.09585	3.29774	1.93534	27
941	3.94763	1.65272	1.38039	27
942	17.786	10.7881	7.88933	26
943	13.1473	6.40359	19.9435	24
944	1.36894	0.159914	16.5808	12
945	13.4475	11.979	1.45543	9
946	5.12165	19.0057	16.9467	14
947	8.08807	13.9512	13.9887	28
948	1.12785	11.3735	2.52094	15
949	17.951	3.22436	3.50685	5
950	7.20167	18.4817	13.6995	14
951	13.095	5.34022	5.59557	2
952	12.4868	17.0196	12.5598	4
953	8.27858	18.1442	1.21912	18
954	10.969	4.55506	17.281	21
955	13.9985	5.01622	3.66338	5
956	12.4174	17.537	8.8591	17
957	0.0444717	16.8162	7.78388	6
958	8.07229	3.06366	15.7145	21
959	6.88172	3.4529	0.876878	27
960	19.4987	5.21662	7.35556	3
961	3.23067	5.63841	17.5305	12
962	3.90015	15.8434	14.639	11
963	10.0923	19.6897	8.92784	28
964	17.4387	2.08775	7.24634	3
965	1.62555	17.84	11.2599	6
966	15.7222	4.96846	15.2582	13
967	15.8581	0.0739259	19.8747	13
968	15.3287	17.4242	3.12293	1
969	10.4227	2.16163	1.45329	2
970	15.4751	16.153	9.92103	17
971	18.5106	1.90356	7.0038	3
972	5.97806	16.3202	14.5634	14
973	0.764914	6.16187	4.91059	15
974	4.54122	9.84647	7.84376	8
975	16.1108	14.3786	16.6339	20
976	19.6768	9.94284	18.6237	24
977	18.7421	19.8085	10.6537	17
978	11.2572	4.26405	9.60777	25
979	6.70388	4.50794	0.851834	27
980	7.85011	15.6706	9.2265	28
981	6.52835	7.44907	10.4836	8
982	13.4178	10.6745	4.2881	29
983	7.59828	12.7468	12.9644	28
984	1.03697	16.5035	16.2186	11
985	17.8966	14.318	6.29746	17
986	5.87168	12.4478	9.29699	16
987	19.3935	12.1572	15.9412	19
988	11.3961	11.9906	15.4018	22
989	6.49748	4.62331	1.98366	27
990	0.356396	4.91069	13.4474	10
991	18.219	4.03395	12.6399	7
992	13.5982	16.0458	2.10132	18
993	2.20072	15.5264	17.6404	11
994	19.1464	7.36693	7.13888	26
995	4.61162	9.23087	2.16971	0
996	0.730458	1.99743	11.0555	10
997	18.0954	6.67066	10.4091	7
998	6.12805	2.26943	6.80116	2
999	12.5826	4.04766	9.7172	25
1000	9.30016	18.6818	3.85113	18
1001	1.20934	1.24019	9.346	10
1002	17.8441	16.9493	1.58247	1
1003	13.2867	19.9682	9.36497	17
1004	15.4659	12.7169	1.89717	9
1005	10.7001	16.7629	9.72836	28
1006	10.2335	5.19565	14.1445	21
1007	3.7693	1.983	16.5032	12
1008	8.07705	11.276	5.34605	16
1009	14.8147	2.58856	0.32556	5
1010	9.96569	15.6831	0.407626	18
1011	7.34269	16.3491	2.11474	18
1012	7.07999	2.48207	6.60267	2
1013	12.6285	8.77523	2.725	9
1014	4.54541	14.9332	5.07125	16
1015	11.6197	6.28449	1.76557	0
1016	12.7142	17.3332	1.6466	18
1017	19.5568	5.33199	17.7896	24
1018	1.0242	6.61439	14.3225	12
1019	3.9207	6.87906	6.00186	15
1020	14.1128	6.98726	4.92431	5
1021	7.08936	17.8611	6.70175	16
1022	3.8705	8.23428	8.29747	8
1023	1.13716	16.4419	19.1211	11
1024	17.0909	9.63227	1.89575	9
1025	15.9203	13.2557	16.4057	19
1026	11.6604	15.8185	7.91766	28
1027	9.02919	8.77879	0.990661	0
1028	3.28733	6.39794	9.87937	10
1029	10.4936	8.56085	10.9403	25
1030	15.76	6.46511	9.76817	7
1031	7.19568	6.36595	10.9501	25
1032	5.53437	6.07178	17.2427	12
1033	11.3894	9.19026	0.259267	0
1034	3.30642	6.03994	10.8787	10
1035	2.32388	3.84084	15.6544	12
1036	11.6598	15.0376	5.86425	29
1037	12.3094	5.96686	5.71178	2
1038	5.44361	3.73962	14.8886	21
1039	13.7035	14.7518	10.0623	17
1040	16.7237	12.2692	1.17514	9
1041	14.1735	10.7737	10.8608	19
1042	15.1987	8.03659	1.55135	9
1043	4.37515	10.8496	1.62883	15
1044	12.1137	3.93318	15.0758	21
1045	12.4959	6.38162	12.364	25
1046	12.6888	0.391743	15.7486	13
1047	0.100449	14.4227	12.1129	6
1048	1.88541	2.96899	4.60277	27
1049	18.4732	19.9302	3.58184	1
1050	16.4018	6.80538	0.842865	5
1051	10.3402	5.70683	16.9941	21
1052	1.98444	12.4027	5.23158	15
1053	12.3812	1.00352	19.852	13
1054	19.948	2.32273	0.731521	5
1055	14.884	1.98231	19.9168	13
1056	0.858775	16.3568	0.988877	23
1057	8.021	10.4454	19.3804	22
1058	4.9392	2.79401	7.11174	10
1059	11.549	0.971172	6.93781	2
1060	19.7763	18.836	3.51129	1
1061	4.5838	9.00973	10.9357	8
1062	14.2915	12.9719	19.3803	24
1063	0.413927	4.11397	10.2623	10
1064	5.85394	18.2854	15.683	14
1065	8.5278	7.04508	17.218	22
1066	6.11661	14.9264	2.74236	16
1067	5.12495	4.81876	1.77076	27
1068	10.4493	8.51864	5.39262	29
1069	5.78894	0.592186	18.0717	21
1070	9.29757	11.7345	13.9633	22
1071	6.899	10.7543	15.2063	22
1072	7.68751	10.5305	18.4281	22
1073	16.7054	14.4859	3.44058	1
1074	4.00491	11.1251	13.3039	8
1075	0.872308	15.7963	18.9441	11
1076	1.55936	9.83947	7.6685	15
1077	5.81027	5.37695	7.86229	10
1078	8.64198	12.6824	9.79166	28
1079	3.00645	5.35249	18.3937	12
1080	3.32832	1.25779	11.8728	10
1081	8.88413	6.04494	5.74583	2
1082	3.76934	9.06946	7.89684	8
1083	12.9513	1.4994	19.6667	13
1084	1.7567	5.08763	16.8047	12
1085	5.76555	2.74728	19.2576	12
1086	7.2252	8.05231	6.86535	0
1087	6.98358	5.35424	19.781	12
1088	12.9848	9.78991	18.3661	24
1089	5.77524	12.1298	7.23195	16
1090	14.3442	9.06757	0.0208338	9
1091	11.7116	16.4669	0.516172	18
1092	13.562	13.967	3.55279	29
1093	12.1674	6.48028	11.0218	25
1094	11.4139	4.96909	7.65987	2
1095	12.4782	5.19853	19.0955	13
1096	9.87097	12.4654	10.571	28
1097	9.67019	0.481324	3.04927	2
1098	17.3851	0.571682	17.1739	13
1099	8.71175	8.39043	12.1315	25
1100	5.88188	18.0543	6.15547	16
1101	16.2998	7.95696	2.36435	9
1102	1.74676	2.66094	15.6717	12
1103	6.26219	0.926841	16.9223	21
1104	18.4273	6.6885	19.3149	24
1105	2.86803	3.42965	16.2772	12
1106	18.0722	5.61156	1.34212	5
1107	4.55714	0.0104489	5.31696	27
1108	12.9283	8.739	18.413	24
1109	11.9559	11.2953	3.65807	29
1110	17.4643	15.8069	7.44849	17
1111	10.4791	4.66097	11.5499	25
1112	4.06656	9.09197	3.32517	15
1113	19.7592	5.98809	10.1086	7
1114	14.1594	1.24146	0.708846	5
1115	16.0648	11.4256	19.0672	24
1116	3.95575	4.39486	5.6369	27
1117	14.6198	12.0519	13.7805	19
1118	18.1207	11.6305	2.03782	9
1119	8.50993	3.80361	1.65196	2
1120	14.6509	2.68563	9.58853	3
1121	4.9507	11.299	2.16101	0
1122	5.29036	6.63939	0.492606	0
1123	12.7193	13.9595	2.72214	29
1124	6.08894	12.1946	0.983467	0
1125	14.405	11.5633	1.71098	9
1126	18.8434	14.6962	16.0072	20
1127	7.07837	13.638	18.6399	14
1128	14.1376	12.7439	15.709	19
1129	4.09443	6.69813	11.6904	8
1130	10.1355	3.31599	3.18609	2
1131	2.85074	11.6887	12.172	8
1132	14.4041	8.9935	12.9681	19
1133	2.17266	18.9925	15.2028	11
1134	10.3826	16.4993	15.5863	4
1135	4.76236	14.2852	7.42065	16
1136	13.1053	19.5008	7.8183	17
1137	12.4899	10.9231	10.2644	25
1138	9.11673	10.9969	7.35368	29
1139	2.81069	5.49701	14.8171	12
1140	7.49983	6.80504	7.65778	25
1141	19.2564	4.49709	5.55707	3
1142	10.43	14.5378	19.5303	14
1143	5.24436	17.2393	16.7563	14
1144	2.44103	2.32929	18.877	12
1145	9.0213	16.7258	8.16187	28
1146	10.052	5.14668	6.17549	2
1147	6.86451	8.75069	17.9586	22
1148	6.20447	16.928	19.4443	14
1149	8.03674	13.2512	9.82337	28
1150	7.51239	18.505	14.671	14
1151	8.62177	14.0851	19.2722	14
1152	4.4722	16.8661	7.53896	6
1153	1.50388	18.0278	17.1872	11
1154	12.1162	19.3574	15.59	4
1155	17.4956	8.02545	7.34056	26
1156	2.6675	7.41951	9.73077	8
1157	17.0133	12.8284	7.42585	26
1158	8.70417	14.1108	7.36162	16
1159	4.20404	16.5219	4.84521	23
1160	12.7422	15.2143	18.3414	4
1161	3.46415	18.5172	17.7616	11
1162	17.5753	2.4509	8.65425	3
1163	10.7711	18.8065	4.09038	18
1164	16.1798	5.64591	11.8559	7
1165	4.81366	12.8319	5.36578	16
1166	2.58279	12.1823	19.7136	11
1167	9.34789	4.71878	7.69266	2
1168	1.67554	10.7314	3.34556	15
1169	6.65011	3.11624	12.2271	21
1170	2.78714	19.5702	17.0687	11
1171	6.79246	13.7659	0.751479	16
1172	8.91872	10.7684	1.89816	0
1173	7.01054	16.9248	4.05571	16
1174	12.5638	19.7958	3.00184	18
1175	10.6522	9.06367	1.40805	0
1176	15.1584	5.78394	7.17531	3
1177	2.4038	16.6348	9.73154	6
1178	11.6334	2.10663	14.4841	21
1179	8.82856	16.8682	2.72792	18
1180	0.647205	5.65898	3.60246	27
1181	15.8433	15.2675	7.68512	17
1182	8.16264	18.5369	3.26117	18
1183	3.33036	5.01051	3.45271	27
1184	11.5993	6.54244	0.905592	0
1185	8.3375	2.65045	11.2637	21
1186	1.0635	5.01374	8.73419	10
1187	18.7739	2.78778	1.69426	5
1188	5.57921	0.943483	10.4616	10
1189	10.0843	16.6775	10.5285	28
1190	5.89709	19.1359	12.8624	6
1191	14.8004	17.5065	10.257	17
1192	12.513	3.13752	6.34164	2
1193	1.34978	9.85639	2.51056	15
1194	6.68946	2.37897	9.22157	10
1195	0.949976	11.7734	3.6662	15
1196	10.4854	18.5617	18.2808	4
1197	14.2325	17.8495	6.0947	17
1198	2.20183	16.112	9.73775	6
1199	12.3762	11.2174	19.7941	22
1200	7.66262	15.5577	0.829933	18
1201	4.07178	17.6905	19.3071	11
1202	11.4522	6.76521	10.9097	25
1203	13.4929	0.304393	5.16977	2
1204	8.22753	6.46935	12.3012	25
1205	19.884	7.00758	19.3998	24
1206	14.6655	19.1528	6.10509	17
1207	8.32739	11.9996	6.85901	16
1208	7.95251	16.0209	9.95687	28
1209	18.299	18.7366	17.6294	20
1210	11.0319	11.0016	12.955	25
1211	5.87697	13.873	19.9766	14
1212	3.48972	17.5354	3.39658	23
1213	18.3987	4.74633	19.606	13
1214	15.6102	12.8876	2.67343	9
1215	5.38466	8.03031	11.7448	8
1216	6.78776	8.60587	2.65151	0
1217	0.638905	16.8864	1.63056	23
1218	2.56871	11.6321	14.4488	8
1219	2.01824	9.14314	4.40577	15
1220	5.4228	5.52187	6.17674	27
1221	14.4384	14.8884	13.6253	19
1222	11.6268	3.68111	12.4385	25
1223	8.79622	5.34088	2.32225	0
1224	11.6664	9.84858	19.2463	22
1225	12.6261	4.04478	18.1222	13
1226	15.4146	3.18602	15.605	13
1227	7.8429	11.0755	15.7449	22
1228	16.8357	18.5212	4.96948	1
1229	1.96619	5.18394	17.4455	12
1230	6.06911	9.0994	8.21962	8
1231	0.335407	19.7823	13.9373	6
1232	0.332734	2.61901	13.3042	10
1233	14.9222	2.90509	12.3164	7
1234	14.2869	4.51048	6.09741	3
1235	3.90111	12.0276	2.28041	15
1236	0.222152	3.88145	6.13724	10
1237	15.3917	19.5989	17.8782	20
1238	16.3747	3.04303	6.24389	3
1239	7.15436	9.64211	0.00160766	0
1240	13.6208	7.90604	16.9032	24
1241	5.89553	12.8023	17.1298	22
1242	7.59573	5.40948	10.5323	25
1243	0.097814	16.0881	6.18684	23
1244	18.5003	2.8628	5.00604	3
1245	3.88195	6.76713	4.27517	27
1246	1.97443	0.795727	19.9477	12
1247	13.7162	10.4472	14.7381	19
1248	2.41338	7.88655	17.9767	12
1249	0.833556	7.4146	4.61948	15
1250	6.56077	11.0475	0.289419	0
1251	16.9982	5.49333	17.0406	24
1252	15.7195	12.9844	9.88245	19
1253	7.1462	2.55839	10.7974	10
1254	9.10615	17.0122	15.3273	14
1255	8.94138	10.1331	15.2159	22
1256	15.3115	12.6864	10.0082	19
1257	6.24582	0.483674	11.8944	10
1258	6.95274	2.66196	14.0733	21
1259	10.0462	5.09023	19.7002	21
1260	8.69007	2.30556	8.63045	2
1261	9.24567	9.73568	4.74673	0
1262	11.6589	5.47154	10.2228	25
1263	2.50875	16.4065	6.68665	23
1264	18.63	13.6594	3.79132	1
1265	4.13776	2.00121	11.3046	10
1266	3.96482	14.5736	2.48227	23
1267	13.4443	10.3129	6.28384	29
1268	16.2818	17.7112	13.9633	20
1269	3.1682	1.13074	16.3136	12
1270	10.1872	17.4034	6.89465	18
1271	2.82004	9.25823	4.55996	15
1272	16.7139	5.88172	16.9202	24
1273	7.56245	0.958146	5.89031	2
1274	9.67147	7.51474	5.88608	0
1275	15.7243	4.27963	8.26162	3
1276	1.8357	2.03374	8.47529	10
1277	2.83443	4.59801	12.216	10
1278	0.881701	14.7202	5.05211	23
1279	16.7613	9.66898	5.52578	26
1280	8.10433	11.6283	14.3777	22
1281	3.55824	10.9716	7.30735	15
1282	12.1857	4.63612	18.8579	13
1283	18.3019	16.6306	1.57947	1
1284	13.6325	16.4063	2.61678	18
1285	18.8566	3.18213	3.10507	5
1286	10.3748	13.7733	12.2553	28
1287	0.793288	11.2224	1.22467	15
1288	2.28155	9.81996	12.5486	8
1289	0.594915	9.74019	9.48263	8
1290	18.9333	3.07808	18.8241	13
1291	19.6753	12.8465	10.5453	19
1292	14.5292	9.54272	16.768	24
1293	15.832	10.2939	17.9617	24
1294	17.0514	9.02367	15.5578	24
1295	19.1485	6.84551	16.6066	24
1296	8.40975	14.8685	9.73051	28
1297	6.35795	16.7523	10.0114	28
1298	6.66806	12.5698	11.4953	28
1299	19.8046	9.08813	15.3382	24
1300	7.33454	19.1371	16.7133	14
1301	19.8496	12.0257	6.3793	26
1302	0.131827	6.01592	8.63791	10
1303	10.4044	1.87061	12.268	21
1304	13.5057	1.91253	0.90076	5
1305	7.23984	11.7375	2.41534	0
1306	2.12075	13.5739	16.9831	11
1307	15.9026	12.6904	13.999	19
1308	17.9458	16.6343	7.37765	17
1309	13.1823	0.974829	3.47725	2
1310	12.3456	10.1109	17.0941	22
1311	12.5339	14.7912	13.3613	4
1312	6.06099	8.88912	11.1825	8
1313	0.0797862	7.29157	8.94474	10
1314	5.61641	15.5526	17.2219	14
1315	8.46683	9.74694	13.6506	22
1316	11.1039	6.05584	12.2923	25
1317	17.6694	8.68101	17.1047	24
1318	9.44663	8.99175	13.8986	22
1319	11.4074	0.0635615	6.10626	2
1320	5.98989	6.85305	13.1508	8
1321	2.57784	6.68818	10.1499	10
1322	8.05079	17.3338	14.3777	14
1323	16.5953	11.623	0.562572	9
1324	3.52351	5.03665	18.93	12
1325	0.872571	5.716	0.656741	27
1326	8.22928	3.12154	11.8683	21
1327	13.8979	1.09065	16.6509	13
1328	5.6702	19.2928	18.8331	14
1329	2.81483	11.8253	5.94372	15
1330	18.9944	15.6753	14.5419	20
1331	3.5772	19.5666	17.6887	11
1332	19.9702	11.3539	2.8183	9
1333	16.5292	1.2509	5.78171	3
1334	15.6773	2.44069	16.448	13
1335	18.258	15.2007	0.152801	1
1336	10.2653	12.5138	10.4287	28
1337	1.2667	1.78906	11.4597	10
1338	0.625389	13.0959	3.81087	15
1339	1.96032	7.47413	6.99079	15
1340	12.7854	19.3646	19.182	4
1341	17.7288	3.24735	19.2791	13
1342	0.445025	4.07499	13.1664	10
1343	6.84145	3.52361	15.6681	21
1344	18.8149	6.82265	2.02945	5
1345	10.2112	19.0622	2.80101	18
1346	9.09308	7.69149	10.7723	25
1347	6.01652	7.51642	13.4514	8
1348	5.62622	14.4747	0.230194	23
1349	16.4843	7.77124	5.33412	26
1350	17.1204	4.61556	5.12102	3
1351	14.4268	7.94634	6.55452	26
1352	9.08892	9.936	2.66256	0
1353	17.2882	3.68031	17.4386	13
1354	1.9057	2.9556	17.2299	12
1355	19.4776	3.83502	10.5329	7
1356	11.5098	3.17014	7.07804	2
1357	18.1748	2.29571	12.7723	7
1358	11.4982	13.2471	1.8234	29
1359	19.089	4.60859	13.406	7
1360	10.3343	16.1888	16.9768	4
1361	3.1254	11.6814	7.9427	8
1362	16.0202	14.9264	14.2282	19
1363	3.27419	17.7592	0.904908	23
1364	7.20691	3.31171	2.03852	27
1365	13.654	9.6014	6.54221	29
1366	16.5644	15.0648	15.9631	20
1367	7.00526	9.12499	10.2992	8
1368	9.63035	9.07961	10.0947	25
1369	6.97216	9.97844	9.1171	8
1370	7.00161	4.38981	12.6138	21
1371	3.18125	0.599629	17.4241	12
1372	1.25363	8.54611	6.361	15
1373	13.7318	12.4188	3.38091	29
1374	12.796	19.8151	0.636941	18
1375	14.7914	11.7032	4.24156	9
1376	10.1132	13.4954	5.66889	29
1377	7.27559	15.3488	17.3011	14
1378	14.6671	17.7011	13.8444	4
1379	9.59932	11.4351	9.41477	28
1380	18.3465	19.7106	3.38729	1
1381	14.3669	11.375	4.21331	29
1382	18.7817	3.9664	7.3106	3
1383	15.8402	12.3005	9.06351	26
1384	14.6234	12.7853	8.07721	29
1385	18.1306	6.40616	16.4735	24
1386	1.79342	3.29394	18.7026	12
1387	10.2123	18.9961	11.6147	28
1388	15.4462	8.28441	0.996339	9
1389	13.8916	16.0107	1.67834	1
1390	8.87693	10.5117	17.6502	22
1391	5.07655	17.8256	12.612	6
1392	15.8777	14.0124	17.003	20
1393	1.18063	13.0821	0.195894	15
1394	6.81296	9.69821	0.7644	0
1395	6.91167	11.1855	4.92442	16
1396	4.40858	8.27932	18.3715	12
1397	18.7624	3.71564	9.12306	3
1398	18.4019	13.1678	19.7687	20
1399	5.56245	7.4512	9.40541	8
1400	6.63721	17.8569	13.7404	14
1401	6.65843	12.7823	0.383197	0
1402	15.8291	5.40295	11.9203	7
1403	0.263339	4.82971	1.8063	27
1404	6.79482	11.1801	2.62942	0
1405	2.46161	16.9026	7.08935	6
1406	3.09988	8.7921	8.68553	8
1407	7.03595	8.32085	4.05935	0
1408	6.96491	10.5635	17.7538	22
1409	16.3931	19.7385	18.7947	20
1410	8.15874	11.6346	1.5748	0
1411	15.7044	12.4717	0.556859	9
1412	13.6718	5.67185	0.0317016	5
1413	2.23386	14.0539	18.7912	11
1414	5.1671	16.3563	2.75746	23
1415	7.27357	16.4073	15.9776	14
1416	17.6321	2.65673	16.1785	13
1417	11.261	10.8064	11.843	25
1418	6.66405	17.8347	6.87421	16
1419	12.5256	11.8102	16.9469	22
1420	4.033	5.48386	3.12865	27
1421	18.4223	13.1434	10.8645	19
1422	4.29264	19.1723	19.0583	14
1423	5.93714	5.09221	6.44034	27
1424	0.397776	4.00773	7.84798	10
1425	6.77563	5.17517	12.3212	21
1426	13.7209	9.06455	11.8226	25
1427	16.1863	2.05455	11.2143	7
1428	6.37393	6.8353	0.923304	0
1429	3.43256	12.2416	13.5291	8
1430	8.39496	11.9706	12.5642	28
1431	1.87396	15.0354	13.1494	6
1432	10.8676	2.97329	4.69431	2
1433	14.035	11.3391	2.53438	9
1434	14.1459	13.5834	13.4072	19
1435	6.47718	7.41717	15.3723	22
1436	2.7396	6.26642	8.18481	10
1437	4.63302	8.75156	11.9745	8
1438	1.7939	4.51411	6.87981	10
1439	5.39531	13.0154	7.41333	16
1440	6.09123	8.22486	12.3383	8
1441	13.4897	0.843489	12.8529	13
1442	19.172	8.08068	5.09219	26
1443	1.36943	6.06466	0.0190433	27
1444	12.932	13.9702	4.39309	29
1445	12.3701	15.2741	3.99271	18
1446	4.19214	2.6902	17.2386	12
1447	14.0639	13.029	4.33415	29
1448	2.19977	5.00723	11.5871	10
1449	1.20891	10.4406	10.4666	8
1450	16.5627	5.31803	3.4316	5
1451	19.4491	6.79318	12.6594	7
1452	17.6824	0.442364	8.8679	3
1453	8.83245	10.4801	19.3321	22
1454	18.8659	6.5863	15.7201	24
1455	4.14029	19.8895	4.11959	23
1456	18.7691	10.9448	5.70796	26
1457	9.59402	10.3275	14.1016	22
1458	14.8129	10.2631	16.7737	24
1459	7.36016	10.1362	4.94627	0
1460	10.9993	18.1392	18.5449	4
1461	14.2099	5.82743	2.8762	5
1462	8.75893	14.9257	2.50661	18
1463	18.2818	11.9614	2.61249	9
1464	18.14	4.37482	3.91911	5
1465	14.1326	18.4076	5.80723	17
1466	14.5305	14.2665	5.17187	29
1467	11.8933	9.61289	13.0172	25
1468	15.8463	9.43901	19.8439	24
1469	16.5428	2.02414	6.26017	3
1470	10.2387	0.861662	12.6645	21
1471	5.59891	6.68603	7.55286	10
1472	17.0081	5.7887	6.26517	3
1473	18.7404	10.105	9.91921	26
1474	0.230951	7.9328	7.3797	15
1475	8.19834	14.5857	6.26484	16
1476	15.7289	14.4451	11.7291	19
1477	14.2728	1.44411	15.3581	13
1478	18.8675	9.82078	2.27804	9
1479	18.9213	6.20203	4.76408	5
1480	1.04704	11.2002	2.02242	15
1481	2.88289	9.32877	0.166226	15
1482	19.3259	9.7951	14.5006	19
1483	8.47933	19.2518	2.34042	18
1484	18.0401	4.03884	8.11576	3
1485	17.8239	1.76534	4.79553	3
1486	6.48905	1.53907	5.0064	2
1487	16.8757	16.1443	5.10238	1
1488	11.8241	4.01292	11.8818	25
1489	12.6057	7.61503	14.164	25
1490	5.44749	4.89359	1.0119	27
1491	11.0006	17.3675	3.31878	18
1492	14.245	6.70627	6.86533	26
1493	1.0342	5.39036	9.76526	10
1494	11.4005	7.19408	19.0155	22
1495	14.7463	13.346	11.6759	19
1496	9.329	1.85884	15.2161	21
1497	9.07048	5.37212	19.8504	21
1498	7.58541	10.9268	5.93172	16
1499	10.2479	3.06309	16.3477	21
1500	18.8001	6.54168	10.7338	7
1501	6.504	0.89402	6.75937	2
1502	13.5405	5.57125	11.6066	25
1503	11.15	6.30625	12.1678	25
1504	2.76898	9.57016	19.8578	12
1505	7.91071	17.0118	10.804	28
1506	12.6699	7.80845	5.67084	29
1507	9.67411	10.3977	18.1239	22
1508	0.667012	1.19628	11.3508	10
1509	19.2112	15.7798	19.9518	20
1510	14.6992	14.2954	2.31491	1
1511	19.4566	2.40744	8.54881	3
1512	1.83291	7.28957	13.4683	8
1513	14.2349	14.6873	1.10857	1
1514	8.79519	0.15785	9.10119	2
1515	0.212507	7.97219	15.5114	12
1516	19.6074	5.27196	2.23317	5
1517	10.0931	12.0437	16.2967	22
1518	2.7961	19.6473	5.96266	23
1519	3.52154	1.07566	19.3328	12
1520	3.78905	13.9773	14.0533	11
1521	2.04835	4.45679	15.6754	12
1522	1.14108	10.756	3.15119	15
1523	18.6968	17.5842	3.43072	1
1524	19.0999	18.3048	10.6316	17
1525	10.3524	17.1829	6.18195	18
1526	13.8184	4.89681	15.5506	13
1527	4.96515	6.34078	9.87647	10
1528	2.7739	15.4393	6.91729	6
1529	3.90503	5.82223	6.19278	27
1530	19.8474	10.8746	0.874907	9
1531	8.26645	5.28683	12.9685	21
1532	13.7355	17.5291	13.6549	4
1533	9.56826	15.9788	16.7869	14
1534	3.87749	8.91333	2.9017	15
1535	6.1536	11.6513	19.7793	22
1536	14.0847	7.21953	1.20906	9
1537	0.208966	18.1217	15.0209	11
1538	5.14368	8.20532	9.59664	8
1539	4.01863	5.68413	3.17385	27
1540	8.03806	11.3349	6.35562	16
1541	12.2156	19.16	19.8119	4
1542	19.6232	15.3137	17.7589	20
1543	9.52144	14.9237	4.02511	18
1544	2.71897	17.9944	0.975693	23
1545	16.9889	10.4957	8.70312	26
1546	19.4381	17.2917	0.353829	1
1547	18.9672	17.1244	17.7219	20
1548	4.61537	17.7859	4.97007	23
1549	4.05935	9.85474	16.0921	8
1550	3.22207	19.8442	1.40488	23
1551	10.5692	9.46601	19.441	22
1552	4.96439	9.79683	12.689	8
1553	16.972	14.762	16.8434	20
1554	16.5689	7.42113	2.95655	5
1555	17.2541	16.5943	19.8964	20
1556	5.64558	18.8421	18.3264	14
1557	4.93143	16.6914	5.3796	23
1558	2.24698	6.68477	17.1096	12
1559	16.7411	4.43096	0.102183	5
1560	7.67547	13.5661	14.4546	14
1561	2.26899	3.92818	15.2117	12
1562	19.3943	5.54546	14.8714	7
1563	5.46604	13.2767	14.1274	8
1564	15.679	4.0648	15.0307	13
1565	7.49747	1.52326	6.97597	2
1566	14.5262	16.078	10.3561	17
1567	0.708989	11.4329	5.83606	15
1568	17.1795	3.42275	3.45292	5
1569	0.84249	8.41866	19.2419	12
1570	9.07427	6.15554	7.80296	25
1571	6.57536	2.37647	0.783521	27
1572	13.943	2.48297	7.74696	3
1573	11.6803	19.6211	15.3827	4
1574	12.6532	2.20597	1.13245	5
1575	4.52119	8.18719	0.804241	0
1576	3.80824	18.3193	10.0329	6
1577	18.9173	0.59534	9.3519	3
1578	9.71928	13.2688	16.1352	22
1579	12.4145	4.87659	9.86014	25
1580	16.0683	16.2157	5.05806	1
1581	0.245618	4.39958	15.051	12
1582	17.6678	18.4085	15.3685	20
1583	6.6054	8.79253	14.4282	22
1584	8.52558	13.716	1.46311	18
1585	19.4112	17.9575	1.78684	1
1586	12.6469	11.8818	0.597387	9
1587	11.479	0.901146	16.5282	21
1588	17.6479	1.3575	3.00779	5
1589	11.3681	2.6284	4.93554	2
1590	8.66023	1.62289	19.9737	21
1591	9.63326	5.44219	9.66712	25
1592	8.44796	4.30472	11.0336	25
1593	5.61879	3.96661	15.1219	21
1594	2.76201	18.5078	11.574	6
1595	9.48193	7.79007	6.85197	25
1596	14.5146	0.384369	18.0003	13
1597	5.99632	11.1976	15.7974	22
1598	11.134	10.9127	8.39248	29
1599	2.07502	12.5246	16.5449	11
1600	4.02612	4.33285	17.1316	12
1601	19.5799	7.67005	11.6029	7
1602	10.0158	12.1187	7.90029	29
1603	3.44469	9.33227	14.1349	8
1604	0.392065	8.87924	16.7927	12
1605	17.0152	11.451	12.635	19
1606	12.5329	0.228808	12.1793	21
1607	5.87333	9.431	3.40852	0
1608	5.90808	16.3656	1.21066	23
1609	12.9651	6.71044	14.5194	25
1610	7.26848	4.32201	12.8827	21
1611	7.30206	9.17202	5.61852	0
1612	19.3626	3.5464	9.48385	3
1613	6.1249	13.8081	10.6323	28
1614	12.991	16.6215	5.44172	18
1615	3.2046	2.67547	11.4296	10
1616	4.48366	0.973708	6.26256	27
1617	15.007	18.0841	14.4188	4
1618	5.50831	2.95985	3.03416	27
1619	14.3352	17.1895	15.7266	4
1620	2.09764	15.3414	6.45782	23
1621	0.331245	5.50275	4.59716	27
1622	7.89718	17.3905	18.1575	14
1623	13.5492	12.3529	2.98229	29
1624	10.1011	11.4123	8.2743	29
1625	9.92186	6.07006	15.145	21
1626	12.0343	3.46935	16.7812	13
1627	9.30238	7.67067	10.6597	25
1628	18.5021	9.49405	0.717858	9
1629	6.24217	9.79387	18.1096	22
1630	4.7933	8.44011	13.2948	8
1631	3.39124	19.0614	2.86617	23
1632	14.9271	0.521115	18.8614	13
1633	8.42597	15.3896	8.21861	28
1634	10.3964	6.92649	12.1152	25
1635	18.2584	13.0676	7.77188	26
1636	10.2837	11.6915	18.0237	22
1637	5.18781	6.72622	15.5486	12
1638	16.8897	2.95118	1.89458	5
1639	8.38683	5.63057	12.4812	25
1640	0.349446	14.6543	17.4381	11
1641	19.7795	13.5893	17.0669	20
1642	6.02867	4.56385	7.96364	10
1643	18.3425	4.087	17.1327	13
1644	12.4635	18.2725	0.83285	18
1645	15.8399	1.49328	14.5994	13
1646	12.9204	6.65314	5.84986	2
1647	18.1228	5.97474	4.63343	5
1648	2.79904	18.7917	4.26965	23
1649	12.8676	1.44397	14.8272	13
1650	1.89384	3.45912	1.16125	27
1651	2.31849	12.4374	0.591367	15
1652	12.6917	10.1658	1.40073	9
1653	12.6048	17.7751	11.0858	4
1654	7.32096	18.7779	15.0936	14
1655	11.0418	4.2722	0.37454	2
1656	12.5594	19.5151	11.6647	4
1657	3.28394	18.8206	3.02273	23
1658	8.24888	4.42109	7.02404	2
1659	8.06881	19.4603	3.10994	18
1660	0.451869	11.5414	8.65256	8
1661	10.1575	14.6089	6.20864	29
1662	9.77908	10.6299	2.94228	0
1663	8.82098	9.28014	17.2152	22
1664	8.74897	10.6492	12.1307	25
1665	2.76324	7.91082	17.3067	12
1666	6.22049	17.7753	17.1368	14
1667	7.10299	13.4765	15.5155	14
1668	11.3855	7.60997	17.5786	22
1669	16.9698	10.1091	14.5369	19
1670	1.37815	14.8224	11.6047	6
1671	5.85236	19.5933	18.6546	14
1672	7.61163	3.64591	3.49048	2
1673	17.507	3.49795	15.5416	13
1674	9.9421	7.40407	0.130507	0
1675	2.29108	19.241	10.7976	6
1676	9.24261	8.67093	0.277673	0
1677	5.56592	13.0831	8.97746	16
1678	8.37328	11.4496	11.6014	28
1679	12.9478	19.5027	1.59473	18
1680	2.29275	1.1419	0.999335	27
1681	12.3795	8.58954	19.0778	24
1682	8.37597	16.7565	13.8556	14
1683	18.0327	12.2184	14.1001	19
1684	16.4736	5.3633	7.39966	3
1685	15.6096	10.8438	11.2262	19
1686	8.69101	2.08513	4.65613	2
1687	6.14777	5.8067	14.4912	21
1688	8.63826	1.89114	2.00626	2
1689	4.67648	3.03906	14.4562	12
1690	16.9978	0.131122	6.8172	3
1691	19.6848	14.963	12.7888	19
1692	2.93292	12.6512	1.84081	15
1693	8.4019	19.6664	11.3357	28
1694	6.28426	0.152464	6.05201	2
1695	19.762	4.67436	10.8915	7
1696	11.2505	6.99978	12.3463	25
1697	5.83257	18.7251	4.01884	23
1698	5.62623	11.045	2.71377	0
1699	6.9652	18.3929	18.3213	14
1700	1.7263	7.49475	17.9765	12
1701	17.8922	8.96257	15.4405	24
1702	4.68055	16.5881	19.7568	11
1703	3.97152	13.0277	10.6756	8
1704	17.3972	4.73949	4.75851	5
1705	0.235027	1.14422	12.8855	10
1706	6.11602	8.34777	15.6697	22
1707	16.3875	5.06126	3.7559	5
1708	13.5825	10.2011	2.7439	9
1709	2.35166	18.5176	15.9312	11
1710	10.152	9.76096	3.89598	0
1711	10.417	13.4241	5.0906	29
1712	2.55296	9.44412	14.4536	8
1713	12.4323	0.927439	14.6464	13
1714	3.51025	3.81241	4.08917	27
1715	5.30402	15.9098	5.53734	16
1716	17.7114	9.81776	14.719	19
1717	0.229399	16.3864	4.8862	23
1718	2.87354	18.8762	19.952	11
1719	7.47231	10.5206	5.49009	0
1720	11.0283	8.85093	5.8591	29
1721	6.74384	10.3426	14.7061	22
1722	11.47	2.33358	4.60898	2
1723	18.6965	4.5383	11.2835	7
1724	11.0953	7.95248	10.0405	25
1725	16.2257	4.23669	8.0069	3
1726	19.4649	13.6663	11.3124	19
1727	14.8691	3.30782	10.6387	7
1728	4.42248	15.3993	6.90794	16
1729	13.451	5.4386	19.6192	13
1730	14.8461	16.5479	0.921617	1
1731	9.17857	19.3056	10.1941	28
1732	11.2172	13.4003	2.26588	29
1733	2.44186	13.3742	15.6491	11
1734	4.52398	18.2854	10.5037	6
1735	5.44171	13.7496	4.43258	16
1736	6.54451	15.0578	16.456	14
1737	16.4681	10.315	2.19833	9
1738	13.9073	19.2693	2.48136	1
1739	7.56371	4.01858	16.9679	21
1740	3.75376	19.8721	4.39929	23
1741	12.1745	17.9158	16.7939	4
1742	12.4841	2.04513	3.13031	2
1743	15.38	8.88365	4.3192	9
1744	9.56767	18.3703	17.732	14
1745	8.10855	17.7479	18.9892	14
1746	12.2853	13.091	18.396	22
1747	4.57301	3.14686	13.6793	10
1748	10.8616	3.31482	3.70857	2
1749	11.1103	19.5169	6.86249	18
1750	4.81887	18.7348	2.95167	23
1751	4.71395	8.88762	5.43814	15
1752	7.68983	18.1638	16.6293	14
1753	17.1139	0.902305	7.23615	3
1754	8.06271	17.8871	7.82701	28
1755	4.82861	19.7206	15.2127	14
1756	1.28732	17.9093	17.7315	11
1757	17.4586	13.3586	16.2581	19
1758	7.46533	17.4788	13.8006	14
1759	12.9785	3.06136	9.44296	25
1760	15.6152	3.53426	17.835	13
1761	18.0082	18.6735	9.29722	17
1762	19.2649	1.82644	2.3781	5
1763	2.61138	11.4564	18.2111	11
1764	4.80513	7.12038	2.0552	0
1765	18.7549	10.8349	13.0063	19
1766	1.03603	7.79216	6.93187	15
1767	16.1146	3.84516	18.8203	13
1768	16.0256	16.0667	1.52182	1
1769	12.7391	5.46735	14.1934	25
1770	16.4228	5.19296	15.2374	7
1771	15.9276	9.21363	15.983	24
1772	0.8091	2.34227	10.0387	10
1773	10.8775	2.59416	13.5462	21
1774	1.222	10.4429	6.14472	15
1775	14.2119	17.5847	9.82519	17
1776	17.6041	9.09559	9.47248	26
1777	2.96321	17.1762	14.9358	11
1778	6.46799	13.2791	12.7576	28
1779	13.1781	13.1106	0.668947	9
1780	8.25744	1.82285	14.2857	21
1781	18.6642	17.4008	18.7075	20
1782	12.8384	17.1549	6.97617	17
1783	17.2296	17.9041	2.50631	1
1784	17.334	4.64126	19.3055	13
1785	9.70001	0.191057	13.4051	21
1786	3.1709	6.36654	19.8291	12
1787	7.44497	6.74473	2.68223	0
1788	16.6905	7.16505	10.4205	7
1789	5.25627	5.35581	18.1991	12
1790	15.2077	12.2243	19.422	24
1791	9.87557	17.6986	3.16459	18
1792	1.31614	10.1953	15.2094	8
1793	1.78176	12.7893	6.49453	15
1794	18.6182	10.9643	1.64834	9
1795	8.63531	17.0626	12.2549	28
1796	6.48889	19.0775	18.3726	14
1797	1.71529	12.8516	7.74959	15
1798	4.78819	19.9609	18.4782	14
1799	0.787322	18.2063	1.07035	23
1800	0.915001	16.7107	10.5652	6
1801	14.4621	11.096	1.24164	9
1802	15.7816	9.15734	14.8675	24
1803	16.6942	6.43829	17.2333	24
1804	3.11063	2.01282	9.77218	10
1805	1.17149	12.7888	8.66474	6
1806	6.84776	0.408192	16.6664	21
1807	7.41242	4.60675	1.08131	27
1808	13.4767	19.13	14.4307	4
1809	4.83147	14.3839	18.8583	11
1810	9.92746	14.8433	17.9119	14
1811	6.07037	6.63487	2.70347	0
1812	8.12839	15.7494	6.68567	16
1813	12.2095	14.6063	0.0773785	18
1814	7.7028	6.57836	11.7531	25
1815	6.24278	5.46636	4.39689	27
1816	4.59405	8.13795	16.9458	12
1817	14.5302	0.957329	17.8094	13
1818	7.11028	7.80538	1.35831	0
1819	10.7535	12.7916	11.1478	28
1820	2.7685	6.22532	18.4766	12
1821	11.6131	1.08948	14.2996	21
1822	10.5925	3.10953	19.1094	21
1823	19.1929	10.9377	7.93621	26
1824	14.881	1.35715	16.0216	13
1825	12.2173	9.89555	7.02497	29
1826	9.06486	11.4428	18.3892	22
1827	8.18965	14.5722	0.531595	18
1828	12.2181	19.9013	6.72268	18
1829	15.4519	6.52726	9.27625	7
1830	9.31398	1.33899	19.9362	21
1831	7.58169	7.00207	19.1554	22
1832	4.76698	14.373	18.6442	11
1833	13.0209	14.6291	14.0182	4
1834	0.759716	2.95541	6.27903	10
1835	9.83585	13.7252	14.8025	22
1836	19.5388	2.66251	1.40876	5
1837	11.9322	9.16297	5.51496	29
1838	1.20979	18.6696	11.458	6
1839	17.1906	2.15773	19.5047	13
1840	12.3777	4.02977	0.515392	5
1841	19.7644	1.21652	6.59506	3
1842	4.24478	8.80103	4.83239	15
1843	1.21497	12.8518	1.88104	15
1844	12.5722	16.5275	19.2177	4
1845	3.16672	5.37277	17.6983	12
1846	6.02879	5.94235	19.8895	12
1847	9.8706	11.0646	17.542	22
1848	12.9876	1.93919	18.6416	13
1849	10.1492	2.89187	5.94375	2
1850	2.70896	13.7049	16.307	11
1851	13.9699	8.86581	9.58106	25
1852	12.4497	12.8896	18.1233	22
1853	19.4113	9.18868	16.9503	24
1854	5.17071	19.044	13.7763	14
1855	10.1721	14.0982	4.56694	29
1856	15.2802	12.7409	18.4491	24
1857	12.9013	1.77366	14.413	13
1858	16.2226	11.0078	15.1748	19
1859	13.2415	15.0577	8.40811	17
1860	17.2733	5.31913	2.45727	5
1861	1.77669	8.42291	1.88347	15
1862	16.8396	17.7707	0.575714	1
1863	18.5102	6.00808	2.20956	5
1864	17.4762	1.52841	7.73657	3
1865	1.36781	8.51677	16.3814	12
1866	16.573	8.7115	12.6757	19
1867	11.8679	5.37976	8.12859	25
1868	1.8224	2.75378	16.1569	12
1869	9.01337	0.414401	6.16701	2
1870	0.478307	13.1608	14.2218	11
1871	19.9691	7.70021	15.7907	24
1872	19.2756	9.89118	17.2972	24
1873	10.6108	4.65859	6.95012	2
1874	18.328	14.4486	6.50527	17
1875	6.89333	8.15044	15.9787	22
1876	9.59632	13.167	4.62839	29
1877	17.6724	16.6162	8.55934	17
1878	5.58337	13.0331	12.5348	8
1879	11.0574	15.9467	9.60509	28
1880	6.12169	9.43558	16.5526	22
1881	16.6443	1.362	3.44542	5
1882	18.7689	9.89437	8.68145	26
1883	9.29867	17.6239	4.50678	18
1884	2.31503	1.0214	1.07029	27
1885	0.713747	7.1249	1.46411	15
1886	15.5636	9.82635	7.91974	26
1887	2.91594	14.3896	2.07387	23
1888	11.264	17.3359	13.7043	4
1889	19.0466	17.4069	14.2811	20
1890	10.6945	5.66916	5.14418	2
1891	1.49682	5.2417	17.6333	12
1892	4.59496	19.8501	13.3596	6
1893	2.05565	13.2965	13.5115	8
1894	1.2342	3.02024	12.626	10
1895	17.1183	12.2962	1.1398	9
1896	9.92068	18.1481	13.9598	4
1897	8.32383	16.3307	17.5393	14
1898	10.0979	14.3138	18.9865	14
1899	10.3954	0.383295	18.8618	21
1900	10.717	16.3297	18.7675	14
1901	0.453571	0.106139	3.85055	27
1902	14.3831	12.6207	0.348323	9
1903	0.404042	9.75501	13.8408	8
1904	2.54311	8.96223	17.6517	12
1905	15.9357	3.80409	11.3819	7
1906	9.73493	11.2597	10.4371	28
1907	3.90701	7.28465	15.5341	12
1908	6.68772	18.0792	10.656	28
1909	5.18425	16.1561	16.1255	14
1910	1.97052	2.17654	4.32659	27
1911	8.34618	5.39384	3.90259	2
1912	14.7162	0.651272	4.3373	3
1913	9.63381	12.1235	7.46776	29
1914	19.633	15.9786	6.7985	17
1915	9.59702	4.16526	14.5436	21
1916	5.33197	2.55337	2.49572	27
1917	6.5568	14.2656	19.2127	14
1918	3.39344	9.62788	16.5596	12
1919	18.2965	9.74765	11.9818	19
1920	6.37913	5.31517	13.3524	21
1921	19.0362	2.74862	9.41015	3
1922	8.04555	2.45624	3.17502	2
1923	0.913973	10.5155	2.08542	15
1924	7.6375	3.26776	14.6569	21
1925	13.9313	16.8284	11.5804	17
1926	19.1053	8.86511	12.2063	7
1927	7.09825	14.2422	2.56292	16
1928	11.2235	3.9857	14.0188	21
1929	8.81413	6.453	19.0414	22
1930	7.33145	2.14597	12.2192	21
1931	14.3406	4.34306	13.1784	7
1932	1.48099	16.8011	9.83112	6
1933	13.1404	2.84094	2.7936	5
1934	3.19727	18.5159	3.68961	23
1935	10.7602	10.5301	15.1809	22
1936	6.63256	14.0737	12.7272	28
1937	7.52494	7.52873	9.93144	25
1938	3.6901	18.4144	0.198028	23
1939	3.39072	12.8158	13.0456	8
1940	19.464	7.52644	16.7119	24
1941	12.7433	12.2289	14.3201	19
1942	14.0691	19.1643	6.17108	17
1943	18.9577	12.1677	16.3922	19
1944	18.5802	15.761	1.6896	1
1945	7.90131	12.6123	11.1477	28
1946	18.1351	12.6686	10.708	19
1947	15.3201	8.83374	6.37492	26
1948	3.58021	4.86599	2.70475	27
1949	8.11357	1.04115	12.6809	21
1950	12.6811	3.88436	16.0099	13
1951	14.6176	18.923	4.50901	1
1952	14.2749	14.408	14.3135	19
1953	18.1135	6.11557	13.6416	7
1954	4.23768	10.1052	5.62975	15
1955	8.00959	3.36826	3.60424	2
1956	6.92598	13.5232	5.50802	16
1957	15.4799	17.8613	2.89162	1
1958	10.6709	10.0686	3.98457	29
1959	5.60677	5.46546	13.5011	21
1960	18.4981	9.40607	13.4046	19
1961	1.24455	11.2321	6.17956	15
1962	12.8	16.5231	11.5474	4
1963	2.83624	0.419795	19.0047	12
1964	16.6151	12.6266	0.323526	9
1965	13.1758	7.63837	0.687989	9
1966	15.5922	1.3736	16.7003	13
1967	3.56443	9.21264	0.161703	15
1968	19.5022	2.97833	15.9028	13
1969	4.32637	6.5946	14.5986	12
1970	3.08068	5.73975	10.3563	10
1971	11.7621	8.36029	12.7728	25
1972	0.688832	14.561	16.4247	11
1973	10.6615	17.7206	15.8489	4
1974	15.6229	6.14138	17.1283	24
1975	9.13566	8.51432	10.928	25
1976	1.30316	4.81906	15.8257	12
1977	14.7241	13.929	6.41604	29
1978	4.00766	6.28066	10.7174	10
1979	15.3517	2.30487	8.55785	3
1980	2.23301	19.6421	12.5689	6
1981	9.61792	13.2602	3.53552	29
1982	12.0288	5.6005	7.54458	25
1983	16.3116	9.09409	13.2805	19
1984	4.72183	6.15179	10.1253	10
1985	6.45984	12.4031	3.1056	16
1986	16.6721	18.8441	7.16051	17
1987	19.0182	0.639247	5.14715	3
1988	16.6352	19.7361	4.05098	1
1989	5.54079	1.64879	15.7995	21
1990	6.40223	4.13232	8.36129	10
1991	3.77744	19.9614	14.9656	14
1992	5.00125	6.31126	18.6025	12
1993	13.8243	12.9171	0.967	9
1994	6.577	5.74092	18.2004	12
1995	19.9998	3.79977	3.40798	5
1996	11.3701	17.1944	9.807	28
1997	18.4535	6.14378	0.448756	5
1998	16.2231	19.9839	7.8335	17
1999	6.10841	7.45872	2.63629	0
2000	13.3898	10.2617	6.76828	29
2001	9.35059	0.855093	9.46988	2
2002	18.705	5.47035	12.6881	7
2003	9.59502	0.192193	18.0515	21
2004	10.5299	2.43619	16.0093	21
2005	3.6477	7.70861	6.58853	15
2006	7.57908	12.6153	2.48411	0
2007	19.0963	10.0085	6.03789	26
2008	10.4857	11.6078	5.21187	29
2009	18.7036	13.8192	13.7304	19
2010	6.21228	19.2275	11.2875	6
2011	8.39779	1.75512	7.30072	2
2012	3.09819	5.42834	10.9636	10
2013	15.8032	7.09915	12.1272	7
2014	17.0703	8.05276	11.9706	7
2015	0.718023	19.1612	12.1038	6
2016	5.7615	9.31517	1.51467	0
2017	11.7559	3.01287	17.7195	13
2018	8.65044	15.4258	0.933818	18
2019	8.0606	18.3839	8.89371	28
2020	17.8965	8.53743	9.55723	26
2021	7.50628	1.14287	2.83535	2
2022	13.4373	7.2704	11.7754	25
2023	10.4267	18.5127	16.1754	4
2024	13.4055	17.4507	0.349403	18
2025	2.14383	15.9561	15.3035	11
2026	11.3225	0.832083	19.6312	13
2027	15.1229	18.2586	9.51877	17
2028	7.38325	10.4599	5.79788	0
2029	5.34251	10.8714	10.9927	8
2030	9.13761	9.46668	3.81778	0
2031	10.6071	7.58002	7.60567	25
2032	15.1066	0.279841	5.1219	3
2033	3.39932	9.74404	18.4011	12
2034	0.494596	14.7453	6.53685	23
2035	2.58679	18.8745	0.76819	23
2036	16.8237	17.8325	2.81445	1
2037	11.615	8.16679	11.2863	25
2038	1.69342	5.79384	8.54488	10
2039	6.97938	7.93861	0.405463	0
2040	7.46261	10.1499	15.0457	22
2041	9.02933	2.29339	16.2731	21
2042	12.3001	3.0289	19.7829	13
2043	13.7555	9.00085	12.9138	19
2044	3.74435	6.5852	1.6178	27
2045	6.15843	9.98291	15.4175	22
2046	7.22646	16.898	11.3087	28
2047	14.6277	1.05923	4.07559	3
2048	11.9718	2.31841	17.3805	13
2049	18.5184	15.1253	12.8078	19
2050	12.0942	5.82353	15.2746	21
2051	7.10577	5.68784	12.0209	25
2052	17.175	0.605256	4.30518	3
2053	19.0763	2.51198	17.2496	13
2054	16.6269	1.01735	0.871547	5
2055	8.49535	12.7914	15.0429	22
2056	15.5599	10.5671	6.15249	26
2057	18.2443	9.23663	1.56169	9
2058	3.53036	9.81878	2.03276	15
2059	5.93482	2.83638	10.4119	10
2060	0.777359	16.6737	13.2261	6
2061	1.63485	13.8653	10.0338	6
2062	14.79	3.34523	7.12753	3
2063	17.5684	5.54494	16.7002	24
2064	14.4556	6.23737	9.58722	25
2065	0.999924	15.5565	3.93338	23
2066	9.39022	17.5687	17.7702	14
2067	3.27324	15.8805	16.5868	11
2068	11.5254	13.6659	1.54248	18
2069	4.64803	13.0011	13.2901	8
2070	7.53466	12.9529	11.9636	28
2071	11.8738	2.45455	4.60933	2
2072	17.045	12.785	14.5011	19
2073	15.9334	3.52706	3.09679	5
2074	19.9654	1.06764	18.6302	13
2075	15.5549	8.64774	9.25606	26
2076	5.39417	1.96522	10.5724	10
2077	8.07347	14.4571	0.542766	18
2078	10.2302	14.9846	6.07548	29
2079	18.8268	5.82624	19.0074	24
2080	14.2522	10.6213	3.07019	9
2081	3.51132	1.00727	16.3131	12
2082	12.0511	19.197	5.24499	18
2083	15.4664	16.216	9.23252	17
2084	8.53248	8.33231	7.95384	25
2085	18.8152	1.90208	5.106	3
2086	9.31387	13.4366	14.0939	28
2087	1.9008	14.1362	12.6532	6
2088	0.837591	14.8564	18.5707	11
2089	19.345	12.1483	1.46188	9
2090	15.017	2.30821	9.71353	3
2091	1.89138	16.0315	9.34853	6
2092	5.07768	16.2704	12.3471	6
2093	18.5951	17.0432	10.2383	17
2094	17.5405	2.71703	17.2606	13
2095	9.79103	4.45595	9.19672	25
2096	19.5134	13.1969	6.41609	26
2097	5.67038	13.7947	10.7077	28
2098	10.8643	19.3266	2.75443	18
2099	3.52137	19.1481	9.98384	6
2100	10.4173	8.68632	11.8741	25
2101	9.04274	8.97114	6.93252	29
2102	4.78504	6.88101	14.5436	12
2103	4.72165	6.89155	13.3155	8
2104	13.6131	9.94095	3.07522	9
2105	9.17	19.6996	8.36579	28
2106	15.7394	2.96128	19.6482	13
2107	0.09773	2.4967	3.01296	27
2108	4.56745	2.4483	11.7829	10
2109	1.10497	12.6006	18.1573	11
2110	10.9707	9.16833	5.18361	29
2111	2.24408	14.9426	5.63346	23
2112	15.0992	19.024	12.7099	4
2113	14.6362	9.77156	8.73638	26
2114	12.8483	6.95043	0.887272	9
2115	1.12463	12.435	2.52832	15
2116	7.82707	18.5416	9.97777	28
2117	17.3605	9.90623	2.67281	9
2118	18.4215	19.8935	14.3935	20
2119	9.74744	18.4713	12.6906	4
2120	1.8056	11.2165	4.10822	15
2121	11.8592	18.5172	14.705	4
2122	14.5758	13.5719	8.45003	17
2123	7.09824	13.5538	15.0645	14
2124	15.6217	15.1891	1.50982	1
2125	13.4515	1.69496	17.556	13
2126	18.4128	17.7385	19.8161	20
2127	5.42507	4.50901	18.874	12
2128	15.2418	19.8305	12.964	4
2129	16.7428	19.707	2.67865	1
2130	19.8116	4.53221	0.798147	5
2131	7.30975	11.5035	16.1411	22
2132	17.4917	5.71149	0.563145	5
2133	14.9597	10.5577	4.60042	9
2134	9.68528	12.1074	13.2751	22
2135	10.609	10.9162	14.5933	22
2136	17.2295	10.9253	6.95126	26
2137	0.0525599	8.63252	6.44366	15
2138	10.3495	5.00057	16.1937	21
2139	4.42897	10.9442	15.2712	8
2140	11.3224	17.3061	1.02147	18
2141	13.953	13.8024	6.98395	29
2142	11.9447	5.19666	12.8006	25
2143	9.77288	13.0437	4.05734	29
2144	4.37443	15.1163	5.0227	16
2145	19.538	16.2677	18.5838	20
2146	8.74352	15.5402	17.415	14
2147	3.29966	9.56064	9.93696	8
2148	0.136653	5.51129	14.4833	12
2149	2.41777	18.0549	14.1764	6
2150	7.92162	19.4228	10.5585	28
2151	1.47859	10.5433	1.84799	15
2152	19.5429	17.3181	13.644	20
2153	11.4647	6.96487	6.96101	25
2154	6.54466	0.305846	6.91288	2
2155	7.67725	8.1966	19.0239	22
2156	5.10657	18.0571	17.5212	14
2157	3.60818	5.05279	6.16768	27
2158	8.18129	12.4774	14.6084	22
2159	16.5943	8.8172	5.75271	26
2160	11.3824	10.5646	0.529983	0
2161	18.3341	10.0909	1.2864	9
2162	16.2964	4.6763	5.82084	3
2163	0.0459139	8.4764	9.14829	8
2164	11.9617	4.23795	2.64274	2
2165	16.509	3.42061	13.6041	7
2166	16.6621	9.58715	8.32936	26
2167	14.3651	15.7681	5.97486	17
2168	9.88542	15.5911	18.5441	14
2169	1.44667	10.482	11.2848	8
2170	15.6753	7.14983	14.8674	24
2171	3.04648	12.692	18.2824	11
2172	3.50718	5.64709	11.689	10
2173	0.864277	17.6427	19.9362	11
2174	1.19479	6.69263	7.06753	15
2175	4.80152	5.77118	1.8387	27
2176	12.7052	12.168	17.5188	22
2177	6.41865	3.09796	0.301293	27
2178	3.6877	16.3614	17.621	11
2179	17.5172	17.6805	10.4925	17
2180	2.18726	7.49084	7.24541	15
2181	8.59699	14.2147	5.34793	16
2182	11.2154	12.7595	3.83233	29
2183	9.10031	14.2264	8.85044	28
2184	1.75926	10.6631	10.5775	8
2185	4.18779	16.4497	0.723222	23
2186	1.00816	3.64575	10.0852	10
2187	6.95641	0.760261	15.614	21
2188	12.7767	12.1126	10.1759	19
2189	18.8505	7.33073	11.375	7
2190	10.6692	10.673	7.24136	29
2191	10.8139	0.716486	3.4724	2
2192	3.45337	12.1023	10.1447	8
2193	8.80622	12.4305	9.92459	28
2194	1.8819	14.5417	18.2886	11
2195	7.12089	1.47936	16.0766	21
2196	9.19021	16.9702	1.35025	18
2197	0.708382	10.8714	9.01724	8
2198	0.526939	3.93765	18.7423	12
2199	15.564	2.63729	9.83682	3
2200	16.0223	9.88367	14.7516	19
2201	6.22235	12.8508	13.8485	8
2202	3.63523	19.0047	7.3676	6
2203	15.5229	5.84541	0.852013	5
2204	13.3227	5.2119	6.5216	2
2205	16.8859	12.0064	0.0454863	9
2206	12.7299	10.6999	9.46043	25
2207	19.7818	19.1054	7.60234	17
2208	6.80847	14.3675	2.5857	16
2209	17.2416	11.6355	11.8685	19
2210	17.5022	0.700944	15.524	13
2211	16.2667	7.01427	13.8346	7
2212	11.5151	9.57036	12.403	25
2213	17.0934	0.297897	11.8653	7
2214	6.6804	18.792	11.5604	28
2215	16.473	19.4149	18.5713	20
2216	17.9203	3.19286	1.80456	5
2217	1.4093	10.644	3.94005	15
2218	8.15236	2.25838	12.4943	21
2219	11.3339	3.23063	17.4906	21
2220	0.786411	3.85366	11.1375	10
2221	15.1403	17.2629	13.9924	4
2222	15.3606	12.387	6.38138	26
2223	9.05153	17.3605	2.984	18
2224	5.43362	9.02958	4.44374	0
2225	3.45529	0.483764	5.43149	27
2226	9.73385	0.679069	18.9049	21
2227	6.06413	10.0732	0.270184	0
2228	14.7783	10.9883	0.63162	9
2229	1.99364	8.29019	14.7295	8
2230	17.5434	17.9641	5.49373	1
2231	9.64842	3.96736	2.2243	2
2232	4.99898	17.1379	6.73961	16
2233	11.5268	6.72978	13.6567	25
2234	16.4875	13.4266	6.67353	26
2235	17.5116	6.34093	2.24411	5
2236	18.8712	7.06225	2.22002	5
2237	5.7109	17.575	2.29121	23
2238	0.256865	5.83247	16.3332	12
2239	14.3481	15.1395	17.5983	20
2240	15.9308	6.02992	10.5856	7
2241	14.1064	0.166557	12.2954	13
2242	10.4552	9.60558	0.855119	0
2243	12.3448	5.7148	8.09863	25
2244	17.6664	14.8686	10.2214	17
2245	14.6189	7.57683	8.42401	26
2246	8.92281	7.61924	3.69913	0
2247	11.4759	17.921	2.18457	18
2248	12.9783	19.8881	12.7067	4
2249	0.741049	10.4334	3.17898	15
2250	8.07656	6.80705	18.4466	22
2251	13.8158	17.7615	16.4588	4
2252	1.3497	15.615	9.01625	6
2253	18.0468	12.3289	0.687643	9
2254	5.92162	15.4087	17.0383	14
2255	17.0098	16.3856	0.768294	1
2256	19.0479	2.20161	16.0191	13
2257	18.2701	6.59514	16.6395	24
2258	11.6846	17.6059	12.6212	4
2259	9.04919	19.7223	14.8979	4
2260	3.04562	1.87552	15.7246	12
2261	14.2634	17.2279	11.582	17
2262	15.1254	10.6159	3.73715	9
2263	17.3319	1.94174	19.4353	13
2264	13.2314	13.1058	12.9424	19
2265	9.71429	19.9114	15.4192	4
2266	14.2336	10.4086	6.14756	29
2267	4.70856	11.8427	2.99344	15
2268	2.57985	11.0016	15.2632	8
2269	19.0845	18.9215	1.44826	1
2270	0.194031	7.85199	2.75235	15
2271	15.7415	12.9538	8.44749	26
2272	8.14063	0.374317	8.48049	2
2273	15.5631	3.69309	15.5819	13
2274	17.0017	7.45083	6.85683	26
2275	7.78708	0.0616348	7.15629	2
2276	18.9103	19.8	9.04778	17
2277	10.9655	1.4035	17.1717	21
2278	14.7076	0.944338	19.2996	13
2279	17.3569	11.1927	12.2244	19
2280	13.7069	5.10043	15.6506	13
2281	16.5825	15.1545	6.42501	17
2282	4.6299	1.39065	8.73037	10
2283	15.9174	11.2972	1.83866	9
2284	13.388	6.89804	4.00338	5
2285	2.63032	19.1339	11.4788	6
2286	19.9875	9.34537	4.44369	26
2287	19.3442	13.1609	15.107	19
2288	19.2972	5.32924	7.88612	3
2289	1.19118	6.3635	5.85487	15
2290	7.21167	8.07714	16.2159	22
2291	1.1301	7.61713	11.3453	8
2292	6.24584	1.13441	11.4243	10
2293	1.29801	7.26578	1.31587	15
2294	13.7952	16.426	10.5963	17
2295	10.5255	10.7661	4.15355	29
2296	18.1586	3.18539	15.7591	13
2297	17.8365	5.22016	1.41168	5
2298	15.2123	7.36592	9.33695	26
2299	17.63	11.1888	3.29077	9
2300	16.3369	19.5931	12.419	17
2301	14.085	9.03026	16.3533	24
2302	11.8011	6.79431	13.1607	25
2303	13.6657	10.9157	10.8512	19
2304	9.71341	3.38475	2.53723	2
2305	2.68739	0.491839	5.9772	27
2306	6.02708	3.48842	17.3326	21
2307	19.8467	14.0315	6.15501	26
2308	14.847	15.5653	0.852332	1
2309	6.01532	14.8976	11.468	28
2310	16.0756	16.309	16.4358	20
2311	9.47827	2.34843	17.5203	21
2312	12.8084	8.81483	4.008	29
2313	14.0321	14.7905	4.61769	29
2314	16.0138	6.20862	0.0330749	5
2315	8.34622	11.832	12.6761	28
2316	6.94143	10.7308	15.121	22
2317	8.97094	5.61804	14.7693	21
2318	12.7556	8.48105	18.3987	24
2319	3.18903	3.73175	5.32387	27
2320	7.07427	19.8735	18.3253	14
2321	7.17414	14.7039	14.5566	14
2322	6.15598	17.7543	1.31333	23
2323	1.40006	1.325	1.61509	27
2324	2.97985	14.1362	14.2018	11
2325	10.4764	13.1302	0.182333	18
2326	2.89946	16.7223	5.26139	23
2327	7.4283	14.8064	3.19139	16
2328	17.7063	10.1887	14.4726	19
2329	18.755	16.6079	4.16401	1
2330	12.3513	12.0858	4.99033	29
2331	16.9369	19.6246	5.49315	1
2332	4.93805	16.3033	18.1041	14
2333	15.8643	4.08618	14.8417	13
2334	17.8568	16.0112	6.48785	17
2335	5.27443	14.8156	4.32054	16
2336	9.62829	7.69571	14.9167	22
2337	14.1388	6.11031	19.5992	24
2338	9.93686	0.024812	1.51644	2
2339	12.5818	8.46314	13.838	25
2340	8.76809	13.7901	16.4726	14
2341	3.38961	19.3681	15.3537	11
2342	4.27417	14.1395	19.9347	11
2343	14.5989	9.20214	3.89454	9
2344	9.4902	10.0918	5.06924	29
2345	12.9043	3.04214	17.421	13
2346	4.80507	5.61557	11.8959	10
2347	18.458	10.4618	6.5546	26
2348	6.3361	0.267943	15.7772	21
2349	6.25682	0.638791	3.22075	27
2350	0.2784	19.5454	2.8195	23
2351	2.83526	17.777	11.7978	6
2352	9.42011	5.84307	2.85313	0
2353	10.2783	13.5512	4.72747	29
2354	14.7088	14.5958	7.33293	17
2355	1.05557	13.9416	10.9319	6
2356	17.5673	4.38571	2.21797	5
2357	5.0173	6.43917	11.52	8
2358	3.25804	18.4815	12.3446	6
2359	6.1376	14.1933	2.40087	16
2360	18.55	9.13756	4.05738	9
2361	9.25275	13.8366	16.969	14
2362	9.82192	7.69261	12.8467	25
2363	5.55339	1.01087	12.914	21
2364	7.24394	0.408768	19.785	21
2365	2.96347	6.26608	10.8266	10
2366	12.1705	11.9482	13.7178	19
2367	2.06159	10.9036	19.8008	11
2368	8.96677	19.8551	9.38912	28
2369	3.33309	11.8206	18.0703	11
2370	6.55149	9.94057	13.1348	8
2371	3.14104	0.846458	11.3123	10
2372	4.00643	18.1039	3.1281	23
2373	18.6603	3.25891	2.07252	5
2374	11.2844	9.28108	9.14746	25
2375	14.7106	8.38514	8.51653	26
2376	5.4183	6.82522	6.74677	0
2377	0.828995	11.5114	5.6632	15
2378	16.8377	6.73441	2.83881	5
2379	12.7446	14.2125	17.2282	4
2380	9.37707	19.0589	16.5899	14
2381	19.2822	19.233	8.27297	17
2382	4.2449	16.733	8.0349	6
2383	10.3959	6.71968	4.96913	2
2384	5.93721	3.68167	19.7394	12
2385	3.50973	12.8486	6.8787	16
2386	10.1441	11.4467	12.2682	28
2387	15.357	8.82165	12.2695	19
2388	14.4862	1.7291	19.7956	13
2389	10.7644	4.41196	5.88258	2
2390	15.3559	13.2679	11.961	19
2391	17.6429	6.30741	11.4823	7
2392	8.80931	15.0887	18.9292	14
2393	14.4875	10.0235	14.6213	19
2394	2.91483	15.552	19.8317	11
2395	11.4782	10.8269	3.39197	29
2396	4.8926	4.89296	10.1245	10
2397	9.77563	3.21448	16.5648	21
2398	12.2226	15.5591	7.26889	29
2399	12.0652	15.566	17.5105	4
2400	9.05178	10.5852	13.7347	22
2401	2.6665	15.0121	9.82731	6
2402	3.93469	4.07047	4.46731	27
2403	9.29289	11.6876	18.9359	22
2404	15.0324	9.14016	18.6184	24
2405	5.99614	15.6393	7.54884	16
2406	10.5586	8.00135	17.7748	22
2407	10.7073	17.4316	8.85867	28
2408	15.413	18.5888	3.00356	1
2409	6.05703	8.5259	8.6344	8
2410	1.84785	14.8145	11.2119	6
2411	6.86122	12.5787	7.34115	16
2412	12.6912	12.063	12.8262	19
2413	12.0217	19.0732	15.3399	4
2414	8.13523	0.112715	16.5941	21
2415	3.80543	3.37765	15.9291	12
2416	0.983239	16.36	17.6529	11
2417	3.91536	1.74966	0.466942	27
2418	16.8999	2.81516	3.09919	5
2419	18.0499	19.5519	7.89555	17
2420	6.90971	14.5879	10.3209	28
2421	4.87692	13.3073	4.86604	16
2422	4.93816	1.30427	4.75972	27
2423	1.26371	14.2599	17.6328	11
2424	2.23388	8.5935	13.8452	8
2425	17.9317	8.19004	11.0423	7
2426	3.03656	9.81509	17.1562	12
2427	7.30398	3.46254	8.78219	2
2428	10.3795	9.88191	14.1248	22
2429	1.99842	3.19735	18.1444	12
2430	7.08097	17.7976	8.59572	28
2431	13.782	4.75911	7.97611	3
2432	18.2782	4.00969	3.88834	5
2433	9.96297	2.83777	18.9071	21
2434	7.35957	13.3212	11.4975	28
2435	7.59953	7.5417	13.8495	22
2436	14.237	7.7697	11.2285	25
2437	0.91139	11.0259	11.2474	8
2438	17.713	9.18203	1.05522	9
2439	17.5133	8.99472	18.9717	24
2440	2.3	19.0706	11.9683	6
2441	5.97913	0.551535	5.20136	27
2442	9.49464	1.28666	11.0338	21
2443	15.4348	13.7444	9.2975	17
2444	12.706	3.2144	17.6452	13
2445	2.19288	8.75737	9.78689	8
2446	14.1836	6.93099	9.51485	25
2447	6.51518	18.2451	19.53	14
2448	0.335884	18.0257	19.5816	11
2449	8.87987	14.134	13.9883	28
2450	14.2804	11.7243	17.4447	24
2451	3.76345	17.2773	6.36349	23
2452	2.82679	5.80159	0.680521	27
2453	10.3508	0.296419	15.0967	21
2454	15.6997	12.1656	16.0708	19
2455	1.61288	2.335	13.3889	10
2456	14.8485	11.408	7.84682	26
2457	18.9178	10.6502	11.7455	19
2458	10.051	12.3471	10.4728	28
2459	10.2255	11.4203	16.0063	22
2460	8.54494	17.8423	10.9564	28
2461	10.6596	8.38359	17.9306	22
2462	19.8391	6.90403	1.56785	5
2463	1.81991	0.745841	1.96634	27
2464	1.61074	17.3913	14.5829	11
2465	0.522119	11.0167	14.0078	8
2466	9.5956	7.77802	6.73498	25
2467	14.2096	2.55705	17.0633	13
2468	19.7632	15.7438	13.0502	20
2469	11.7277	9.90194	7.69199	29
2470	2.51651	7.61267	6.5785	15
2471	15.5064	6.28783	14.1533	7
2472	8.99302	19.5969	9.47654	28
2473	15.675	15.5434	9.74871	17
2474	9.12886	3.25456	10.5953	25
2475	3.51564	19.1607	6.6451	23
2476	12.7488	1.91325	5.4359	2
2477	12.0594	4.42944	5.97898	2
2478	8.31645	3.14569	13.0727	21
2479	12.4534	14.3708	1.23233	18
2480	6.65455	18.078	15.8763	14
2481	11.5544	6.87459	7.66162	25
2482	9.53414	6.73941	11.3773	25
2483	7.86957	14.3723	3.55357	16
2484	3.90965	9.64653	11.715	8
2485	3.24658	15.6268	4.18479	23
2486	6.04768	0.128154	9.20675	10
2487	5.23276	7.51079	12.7045	8
2488	4.69055	18.5818	11.5893	6
2489	6.50788	18.1424	13.7794	14
2490	7.03328	8.22702	18.3505	22
2491	14.1632	8.15095	17.3205	24
2492	2.08116	16.0986	14.5254	11
2493	8.48003	9.37709	18.2788	22
2494	9.19722	16.4653	0.941129	18
2495	17.1971	7.27065	10.6345	7
2496	17.8359	10.0194	19.0891	24
2497	3.34454	9.89309	10.7622	8
2498	8.24618	3.63446	6.30409	2
2499	18.5897	6.70001	2.84095	5
2500	5.29966	15.6155	5.4621	16
2501	18.1915	11.0478	9.28483	26
2502	15.5507	11.3072	12.0725	19
2503	9.86229	1.31167	17.9419	21
2504	15.41	3.11709	11.5866	7
2505	9.75119	5.99605	9.45652	25
2506	11.6168	14.7561	15.8589	4
2507	12.8015	16.6703	16.8534	4
2508	6.17812	9.06151	0.212402	0
2509	15.1056	3.53503	17.7325	13
2510	4.18069	12.0078	12.8504	8
2511	1.63489	9.11233	7.1318	15
2512	0.432009	16.3807	4.04201	23
2513	5.8452	19.9498	17.7099	14
2514	1.91015	15.7846	11.0381	6
2515	0.56677	1.00078	5.39557	27
2516	14.0389	18.3184	3.42149	1
2517	8.12241	5.38352	0.955853	0
2518	17.7373	19.6457	1.70775	1
2519	17.8492	10.1711	9.06308	26
2520	7.15088	16.4281	2.20442	18
2521	2.00287	8.85409	19.3946	12
2522	5.7715	16.1291	12.0201	28
2523	0.580551	3.88598	7.4444	10
2524	17.5818	9.21163	18.9274	24
2525	8.96213	7.90456	14.2299	22
2526	7.21383	6.35231	16.5541	21
2527	8.3435	13.2638	13.4806	28
2528	1.5575	15.0413	14.2874	11
2529	11.0372	7.77931	19.6221	22
2530	18.5235	12.7849	13.9744	19
2531	16.5371	3.24762	17.2562	13
2532	8.63625	2.12726	10.0722	2
2533	7.18403	9.66898	17.0732	22
2534	4.71109	15.8255	8.35925	6
2535	19.1971	4.03175	13.3109	7
2536	18.9968	19.1944	12.7373	20
2537	2.04613	2.05018	3.27368	27
2538	19.7812	3.75214	12.6831	7
2539	13.4065	8.93577	9.88454	25
2540	4.6796	4.1778	1.0636	27
2541	6.7175	7.33664	2.30486	0
2542	2.36241	1.44759	8.52439	10
2543	16.535	15.179	17.7558	20
2544	1.1125	5.25618	0.394418	27
2545	7.34328	4.22233	13.7854	21
2546	9.00975	5.34635	6.41474	2
2547	16.4204	12.0022	13.1897	19
2548	2.58925	8.83221	10.0119	8
2549	5.63025	17.7504	1.17265	23
2550	6.02715	3.21885	0.0369972	27
2551	15.5354	17.5071	5.39315	1
2552	8.53296	12.699	19.6815	22
2553	1.06176	15.6135	0.038997	23
2554	16.482	16.7497	16.5557	20
2555	12.3773	6.43832	12.8323	25
2556	12.6003	15.5221	9.24947	17
2557	14.0293	2.72876	18.3176	13
2558	12.617	4.68105	9.27332	25
2559	13.8558	10.3893	19.9878	24
2560	8.52795	9.52782	7.96117	25
2561	1.44158	10.7279	10.669	8
2562	17.8789	17.7597	11.4265	17
2563	3.01789	15.4567	12.2739	6
2564	12.419	10.4854	16.7353	22
2565	9.75328	2.83818	0.229492	2
2566	1.64124	11.3609	18.6347	11
2567	12.3464	6.72805	17.1212	24
2568	6.18348	2.198	7.83803	10
2569	6.37018	0.601653	3.06533	27
2570	7.32866	2.60016	12.0997	21
2571	0.966182	4.50073	6.11004	10
2572	14.3569	19.649	8.5626	17
2573	19.2394	16.9093	16.3863	20
2574	15.9094	5.00436	19.612	13
2575	13.848	0.888302	17.1075	13
2576	19.2778	6.72897	10.4007	7
2577	6.91395	11.2955	5.84246	16
2578	3.33319	14.6042	6.51935	16
2579	4.98982	13.7468	18.9397	11
2580	18.0639	0.299418	9.23582	3
2581	11.9402	15.4805	12.2921	4
2582	11.5082	10.6387	5.76904	29
2583	2.66172	1.56311	9.34472	10
2584	8.25628	10.5112	4.32873	0
2585	15.3619	2.23862	1.34478	5
2586	13.0682	19.988	11.9541	4
2587	14.4299	11.4862	6.26598	29
2588	1.54986	6.35751	6.19358	15
2589	11.1954	10.0368	16.453	22
2590	11.1575	16.7581	7.47622	28
2591	4.87058	11.3879	9.09315	8
2592	17.1388	6.80433	8.59171	26
2593	5.8803	1.99802	13.2545	21
2594	7.94003	2.64146	6.15655	2
2595	12.3423	10.9093	10.7102	25
2596	7.20327	18.93	0.439415	18
2597	1.93312	11.5462	6.20323	15
2598	1.80777	10.2795	4.32132	15
2599	11.9974	7.98393	10.2382	25
2600	13.7333	11.4545	11.6808	19
2601	3.02818	17.7455	17.4752	11
2602	9.98129	15.7632	8.1458	28
2603	1.66536	14.0499	13.7594	11
2604	15.4788	10.6326	0.395612	9
2605	17.6032	3.45118	18.7715	13
2606	11.2225	14.0161	3.75787	29
2607	7.153	10.8997	15.2666	22
2608	4.88254	8.99903	8.8768	8
2609	17.3037	8.51515	7.81833	26
2610	8.807	3.03967	14.4793	21
2611	7.39017	3.61091	14.6698	21
2612	12.8976	1.10793	4.739	2
2613	2.8427	13.3065	8.55399	6
2614	14.6001	6.53895	13.7939	7
2615	12.026	19.7788	14.8591	4
2616	16.8769	19.9599	3.65554	1
2617	7.85659	16.4526	0.350379	18
2618	5.33908	10.8132	15.0348	8
2619	0.828978	5.22481	12.7502	10
2620	1.72521	1.61966	19.8419	12
2621	15.7621	18.728	17.2067	20
2622	10.3518	18.9367	14.0278	4
2623	7.99604	2.48016	18.0125	21
2624	18.1763	7.14992	6.20938	26
2625	2.41988	4.67637	9.43861	10
2626	0.518293	1.23717	0.922798	27
2627	1.62988	3.50707	18.079	12
2628	19.8537	16.9017	4.88428	1
2629	19.8488	13.7556	6.46176	26
2630	6.89885	7.89959	12.9212	8
2631	16.0935	2.53894	12.6858	7
2632	15.7745	14.7364	14.8823	19
2633	16.8164	18.8905	17.0697	20
2634	8.6323	6.83538	3.91727	0
2635	2.35292	2.17878	2.39135	27
2636	7.5907	8.53943	15.8156	22
2637	13.5914	15.5409	10.8718	17
2638	1.14315	5.15908	1.40633	27
2639	3.80839	19.1474	12.4265	6
2640	3.9409	13.8808	5.03196	16
2641	1.21964	14.757	2.75231	23
2642	10.9843	2.16276	4.67145	2
2643	16.9483	0.722713	5.84822	3
2644	4.33626	12.1677	0.300379	15
2645	6.54829	19.3737	10.361	28
2646	16.7012	17.0283	1.33968	1
2647	2.03081	16.1243	18.8492	11
2648	17.2281	6.61033	17.9049	24
2649	0.07984	2.11517	5.72484	27
2650	16.8417	6.65683	12.7022	7
2651	0.621015	8.5984	0.861556	15
2652	17.4299	2.26206	7.08593	3
2653	14.3499	16.9087	2.26481	1
2654	13.4188	17.0549	14.5922	4
2655	17.9495	15.0529	7.64927	17
2656	1.62416	17.1584	5.91959	23
2657	0.160643	0.912321	16.9037	12
2658	3.53393	12.3123	12.2139	8
2659	15.2564	16.9217	1.16671	1
2660	15.091	2.94777	3.72262	5
2661	17.8989	18.8673	15.5693	20
2662	13.0772	8.13642	18.1527	24
2663	1.98782	16.2937	2.12928	23
2664	8.87717	14.1403	9.69691	28
2665	17.3128	14.4233	14.9317	19
2666	10.8576	3.49268	7.88792	2
2667	14.5119	14.792	14.9547	19
2668	7.68837	14.6313	11.2426	28
2669	12.4897	14.1462	5.9187	29
2670	1.93709	8.63103	3.49203	15
2671	14.5063	16.3934	4.07456	1
2672	17.061	5.24649	1.23468	5
2673	4.79767	17.1438	12.9052	6
2674	16.1895	8.50622	12.0249	7
2675	14.1789	17.6564	10.3224	17
2676	6.37269	15.498	2.82764	16
2677	7.04742	18.159	11.7416	28
2678	12.4951	8.31676	15.9683	22
2679	18.0253	6.61679	2.49356	5
2680	0.956458	12.6037	19.4824	11
2681	19.7613	7.75479	8.62114	26
2682	14.8319	10.4711	7.96248	26
2683	12.3846	18.752	10.0965	17
2684	1.92333	6.878	14.6534	12
2685	7.18184	6.044	14.2227	21
2686	2.71168	11.3814	9.24331	8
2687	1.0489	15.6711	17.0662	11
2688	13.7326	4.09121	10.1522	7
2689	7.20478	2.30964	0.615676	27
2690	3.45434	12.5729	7.58307	16
2691	15.0247	0.77967	0.761218	5
2692	6.40862	14.0982	13.3301	28
2693	5.7133	0.615204	19.5473	21
2694	3.99227	2.84299	0.834845	27
2695	3.26497	11.2562	13.7875	8
2696	2.63359	9.13399	15.2183	8
2697	13.4362	11.7053	3.70663	29
2698	18.6988	12.0981	19.2244	24
2699	10.0815	18.3974	9.51863	28
2700	16.3831	3.52147	8.62152	3
2701	6.47854	6.12119	14.6684	21
2702	5.50774	2.96639	15.6391	21
2703	2.24848	16.093	13.6519	6
2704	5.99196	18.5341	16.6579	14
2705	3.6217	0.83636	0.680268	27
2706	4.45216	0.712986	2.77133	27
2707	11.9128	3.48595	5.49215	2
2708	1.55224	13.4629	2.0872	15
2709	12.9626	10.8482	12.4686	19
2710	19.5495	0.547068	3.23344	5
2711	9.84372	8.38614	18.2589	22
2712	5.93806	19.4366	5.051	23
2713	8.54902	12.6693	4.24845	16
2714	9.12675	2.83569	8.70778	2
2715	7.48108	11.3945	8.64311	16
2716	9.25548	2.31358	9.04354	2
2717	8.7991	10.7443	4.40562	0
2718	13.1643	2.39857	14.9666	13
2719	0.590192	3.85807	4.06829	27
2720	18.7302	0.823109	19.5775	13
2721	4.75268	7.95305	6.47462	15
2722	7.63879	11.9782	3.50936	0
2723	14.1784	9.33845	2.50738	9
2724	3.224	8.39831	6.52345	15
2725	19.6479	4.01597	15.3783	7
2726	9.93723	12.4265	7.19723	29
2727	14.8869	14.1748	13.2191	19
2728	3.24888	14.3579	3.97453	23
2729	16.8923	19.9628	14.2806	20
2730	17.7572	11.7399	14.3995	19
2731	5.3667	7.24915	2.22703	0
2732	16.6943	9.2824	3.97898	9
2733	8.55325	9.89906	19.8152	22
2734	19.7764	1.07212	1.99817	5
2735	6.22548	9.2812	1.52864	0
2736	5.08353	8.01746	4.68853	0
2737	6.77905	7.35841	12.2519	8
2738	18.563	18.5653	3.71627	1
2739	2.33563	15.088	3.23186	23
2740	18.7605	16.8416	7.42269	17
2741	11.7224	5.26556	4.83889	2
2742	9.98432	11.3369	7.6794	29
2743	8.68012	4.39393	14.7044	21
2744	5.62583	11.6029	0.44779	0
2745	17.8	4.29205	7.24989	3
2746	13.0118	4.22096	18.7121	13
2747	8.23143	0.677803	6.03914	2
2748	3.15712	14.5996	1.96464	23
2749	15.6613	6.34404	8.3043	26
2750	2.09883	6.00007	0.745832	27
2751	18.1056	12.2222	12.0349	19
2752	11.3864	19.6307	19.8347	4
2753	0.421444	0.389107	10.5429	10
2754	4.32502	9.94423	13.4682	8
2755	17.4609	4.35281	1.95795	5
2756	16.7109	18.8562	2.39016	1
2757	19.8674	11.1576	5.84083	26
2758	5.16795	13.9841	1.2833	23
2759	7.91081	10.7311	16.2774	22
2760	16.1036	19.7665	17.1992	20
2761	5.55502	1.78799	2.8432	27
2762	15.3025	17.9547	2.20871	1
2763	17.4523	10.0578	12.9337	19
2764	15.9634	16.9495	18.6996	20
2765	10.894	6.96507	15.2595	22
2766	12.3848	18.0743	5.2258	18
2767	18.351	3.62815	6.98828	3
2768	0.101269	13.2135	15.877	11
2769	1.50025	6.99179	18.535	12
2770	11.6765	0.494513	0.0894366	2
2771	2.80585	16.5686	6.6471	23
2772	1.79773	2.32263	1.30377	27
2773	11.2627	13.7515	11.5641	28
2774	10.6235	1.46902	11.5141	21
2775	3.30669	9.43308	1.83222	15
2776	19.5552	1.99679	5.51826	3
2777	17.9182	13.642	12.7419	19
2778	9.55174	16.3508	8.48091	28
2779	12.9318	0.979313	16.7198	13
2780	14.4049	15.6841	3.82767	1
2781	13.3605	2.15434	19.5067	13
2782	4.00115	14.9886	17.6658	11
2783	12.5888	11.7351	10.5207	19
2784	16.8545	19.3205	17.8533	20
2785	10.3272	16.0667	16.0962	4
2786	3.52757	3.2773	4.81391	27
2787	13.3545	0.208976	6.45817	2
2788	16.0736	5.09224	7.9866	3
2789	8.02471	19.0655	2.67493	18
2790	3.38541	9.17708	19.0135	12
2791	19.3465	14.7299	8.22294	17
2792	5.40783	8.35888	9.92057	8
2793	3.49155	13.8641	13.8029	11
2794	4.19677	6.69177	9.17274	10
2795	0.181153	2.36887	12.0103	10
2796	14.6315	3.92337	13.9806	7
2797	8.9052	13.7238	5.00521	16
2798	12.0811	9.63849	17.0805	22
2799	7.79584	5.26891	4.5396	2
2800	3.85432	6.9998	14.079	8
2801	7.60553	10.3668	18.0719	22
2802	3.67521	3.7358	4.24113	27
2803	1.0433	17.2378	2.26744	23
2804	14.1231	15.5956	4.55091	1
2805	13.8337	4.85598	14.6284	13
2806	19.8436	7.64544	13.7629	7
2807	14.5578	12.6944	14.837	19
2808	7.03463	13.2578	6.56212	16
2809	18.5907	5.58849	0.07729	5
2810	14.3215	18.5446	14.7445	4
2811	18.1125	15.407	4.79846	1
2812	11.4752	6.6079	17.6499	22
2813	1.1051	17.3253	8.95691	6
2814	9.88807	4.57262	1.73392	2
2815	5.61596	18.5609	15.233	14
2816	17.3336	7.89342	19.1034	24
2817	1.91047	12.0482	14.7482	8
2818	9.9633	14.3826	10.2162	28
2819	11.1759	10.8871	15.5808	22
2820	0.398457	8.67648	5.35737	15
2821	12.2647	17.2549	15.4316	4
2822	12.85	6.93696	5.86046	2
2823	14.5962	17.5385	3.11231	1
2824	12.3183	7.85902	10.0368	25
2825	15.8264	4.63664	9.39459	7
2826	8.41235	12.685	1.81745	0
2827	2.02561	5.45873	19.5657	12
2828	10.6478	7.14294	3.14072	0
2829	15.9411	4.54349	18.6644	13
2830	7.23993	5.01552	18.9937	21
2831	1.87059	16.0694	13.0734	6
2832	2.67224	12.5544	4.06156	15
2833	19.4502	6.28191	2.89565	5
2834	16.8483	4.88166	2.63679	5
2835	15.9721	18.0369	1.7533	1
2836	15.3978	4.43678	18.1795	13
2837	9.35406	12.6091	8.98269	28
2838	14.0284	11.38	15.0259	19
2839	9.73296	13.1124	13.2661	28
2840	18.1607	5.62591	10.2259	7
2841	13.2283	11.0031	17.0908	24
2842	15.1753	10.0343	8.35328	26
2843	4.45512	7.44983	2.69203	0
2844	10.1108	14.35	7.03961	29
2845	18.9724	16.8544	1.39797	1
2846	11.9775	12.7039	12.2914	19
2847	12.1632	16.2396	15.2511	4
2848	1.2145	6.97463	15.5414	12
2849	11.1401	2.09164	8.87541	2
2850	13.1063	14.3316	12.4461	19
2851	17.041	10.3558	7.40431	26
2852	19.5398	10.1139	1.76502	9
2853	0.372327	5.07121	11.6439	10
2854	17.0136	6.26476	8.27412	26
2855	8.2365	2.988	11.3412	21
2856	18.2976	19.8578	18.1272	20
2857	11.3007	6.82965	13.4464	25
2858	6.77959	11.5742	1.16568	0
2859	12.4634	6.00203	17.2845	13
2860	13.8683	15.6566	8.08911	17
2861	12.2904	15.38	15.0402	4
2862	19.4104	11.1743	7.75544	26
2863	14.8347	18.4394	6.38584	17
2864	9.62696	17.7844	17.5773	14
2865	9.90514	0.589955	8.30192	2
2866	12.5595	15.0658	12.7406	4
2867	1.44687	16.4468	18.391	11
2868	17.2418	18.7373	19.6347	20
2869	15.2863	3.97234	4.89061	3
2870	8.13963	12.9953	0.357493	0
2871	17.4087	1.88955	0.856619	5
2872	2.58042	6.78117	14.9246	12
2873	3.2295	18.398	7.84772	6
2874	7.08992	7.29426	16.2048	22
2875	12.6119	6.98062	13.074	25
2876	6.90442	0.255144	2.95711	27
2877	3.42414	3.41525	4.56476	27
2878	15.3775	10.5064	9.76105	26
2879	11.8081	1.48813	7.91323	2
2880	11.2873	2.03731	6.13237	2
2881	5.606	5.59395	1.83075	27
2882	6.97291	14.0886	15.4602	14
2883	8.72805	6.44761	4.61324	0
2884	17.5885	13.0596	15.5238	19
2885	16.7695	1.49801	5.07897	3
2886	13.9181	0.667161	16.5461	13
2887	8.06312	7.7528	13.9072	22
2888	0.805057	14.0507	1.86964	23
2889	3.46132	15.0854	18.5347	11
2890	17.4938	17.4202	14.111	20
2891	6.6222	13.1842	7.54122	16
2892	9.78727	13.2493	17.7561	22
2893	0.753073	9.79176	5.81378	15
2894	13.4678	11.1195	5.79605	29
2895	19.1623	4.95848	2.28168	5
2896	19.0818	7.09868	16.1932	24
2897	1.99627	10.2442	3.52058	15
2898	2.40213	6.56141	19.0775	12
2899	3.85529	1.65029	1.09838	27
2900	4.62907	10.7362	16.8433	22
2901	8.65706	1.92174	8.19098	2
2902	10.3956	4.09549	5.43285	2
2903	8.64018	11.8897	0.02887	0
2904	7.57679	3.51243	18.859	21
2905	16.6734	4.8715	13.0756	7
2906	0.427476	17.6398	17.4884	11
2907	0.464201	16.018	8.52391	6
2908	12.1758	9.28585	12.3657	25
2909	15.0327	13.1989	9.16955	17
2910	3.15593	15.5459	13.2526	6
2911	9.74219	10.3542	16.0293	22
2912	13.2127	15.7266	1.05316	18
2913	10.6816	1.41456	17.2944	21
2914	9.28217	13.7227	10.8722	28
2915	14.5389	8.73523	2.05561	9
2916	18.7063	15.6679	19.1798	20
2917	16.903	8.1906	1.62324	9
2918	16.88	2.47269	12.2723	7
2919	12.0749	12.0942	4.03551	29
2920	8.68984	16.9947	8.65924	28
2921	19.4129	10.8481	16.426	24
2922	6.77786	2.42033	5.95862	2
2923	4.21222	16.3484	1.13327	23
2924	6.45203	10.1752	19.0057	22
2925	1.51275	12.7851	5.12061	15
2926	17.5577	8.80992	19.6142	24
2927	18.4336	18.565	1.36054	1
2928	4.89748	7.36227	12.2577	8
2929	9.8666	1.70367	17.256	21
2930	14.2525	8.40491	17.2761	24
2931	8.48195	18.059	3.23952	18
2932	2.52782	4.0653	2.527	27
2933	5.61642	10.9986	8.67037	8
2934	1.47424	1.96595	18.5788	12
2935	3.88728	17.9906	19.8688	11
2936	5.8177	10.1005	5.64263	0
2937	1.54992	15.0131	9.26326	6
2938	11.0411	4.96458	7.85837	2
2939	5.29592	12.1719	12.5105	8
2940	6.48378	3.5819	8.68998	10
2941	19.7411	11.8015	18.3844	24
2942	3.18159	5.61457	5.54953	27
2943	15.7348	9.75751	18.6302	24
2944	14.3343	6.94847	11.188	25
2945	17.2569	15.8568	2.14619	1
2946	4.28954	19.0544	11.7289	6
2947	13.5351	17.3731	13.1052	4
2948	14.0275	19.5133	9.53933	17
2949	1.40092	2.06967	10.3799	10
2950	7.80838	10.9295	8.47563	16
2951	8.21192	14.963	8.85619	28
2952	4.70521	1.60233	1.54104	27
2953	5.00103	3.54745	19.3536	12
2954	2.65779	16.9604	9.10396	6
2955	17.9852	14.9771	0.577508	1
2956	1.99037	16.2179	16.0558	11
2957	3.64522	7.46544	2.83937	15
2958	19.955	4.57507	12.3547	7
2959	16.5893	4.68328	19.7399	13
2960	0.890005	10.6996	6.63977	15
2961	19.3199	0.0665261	5.5835	3
2962	0.611912	16.8833	14.4763	11
2963	17.0838	7.5631	17.9338	24
2964	5.58762	14.9303	8.07274	16
2965	4.05814	12.3953	4.82988	16
2966	6.03482	7.66522	19.6876	22
2967	2.22368	2.47744	8.37683	10
2968	18.8297	11.385	7.11958	26
2969	6.31062	3.84187	2.9781	27
2970	15.9111	0.877357	1.79397	5
2971	7.34149	9.857	13.9301	22
2972	8.25543	9.84404	15.2608	22
2973	7.68657	3.68154	0.483382	27
2974	8.3904	3.50833	8.03489	2
2975	4.14688	13.5227	12.2524	8
2976	10.7315	3.14543	14.6006	21
2977	10.133	13.2294	13.5889	28
2978	18.198	2.58077	0.347047	5
2979	12.6806	9.85815	0.969713	9
2980	2.67538	1.83902	10.1408	10
2981	11.5147	13.6853	1.46076	18
2982	11.7357	11.1419	11.5709	25
2983	13.4553	6.00626	11.6483	25
2984	19.1002	15.0908	0.517906	1
2985	6.85143	1.17705	19.3913	21
2986	2.78187	12.1902	5.56618	15
2987	4.75306	5.24473	2.26698	27
2988	0.625772	6.58443	11.7584	10
2989	12.9853	2.56172	19.817	13
2990	4.13655	6.27291	15.3589	12
2991	16.6315	16.5703	14.6079	20
2992	2.47257	19.4384	15.2559	11
2993	4.53291	17.4276	2.51373	23
2994	9.35011	0.0446181	3.57515	2
2995	14.9915	6.53003	13.0253	7
2996	6.92863	0.0296247	18.4784	21
2997	5.63542	13.9985	8.66829	16
2998	6.77915	5.13611	4.31853	27
2999	13.3928	3.1489	5.58046	2
